3.25385e-06
6.50769e-06
1.30154e-05
2.60308e-05
5.20616e-05
0.000104123
0.000208246
0.000416492
0.000832985
0.00166597
0.00333194
0.00666388
0.0133278
0.0266555
0.053311
0.106622
0.213244
0.426488
0.852977
0.705953
0.411906
0.823812
0.647625
0.295249
0.590498
0.180997
0.361994
0.723988
0.447975
0.89595
0.7919
0.5838
0.167601
0.335202
0.670403
0.340806
0.681613
0.363225
0.726451
0.452901
0.905803
0.811605
0.623211
0.246422
0.492844
0.985688
0.971376
0.942752
0.885504
0.771007
0.542014
0.084029
0.168058
0.336116
0.672232
0.344464
0.688927
0.377855
0.755709
0.511419
0.0228371
0.0456743
0.0913485
0.182697
0.365394
0.730788
0.461576
0.923152
0.846305
0.692609
0.385218
0.770436
0.540872
0.0817448
0.16349
0.326979
0.653958
0.307916
0.615833
0.231666
0.463332
0.926663
0.853326
0.706653
0.413305
0.826611
0.653221
0.306442
0.612885
0.22577
0.45154
0.903079
0.806159
0.612317
0.224634
0.449268
0.898537
0.797074
0.594148
0.188295
0.376591
0.753181
0.506362
0.0127242
0.0254483
0.0508967
0.101793
0.203587
0.407173
0.814347
0.628694
0.257387
0.514775
0.0295498
0.0590996
0.118199
0.236399
0.472797
0.945594
0.891188
0.782376
0.564752
0.129505
0.259009
0.518019
0.036038
0.072076
0.144152
0.288304
0.576608
0.153216
0.306431
0.612862
0.225724
0.451449
0.902897
0.805794
0.611588
0.223177
0.446353
0.892706
0.785412
0.570824
0.141648
0.283296
0.566592
0.133185
0.26637
0.532739
0.0654788
0.130958
0.261915
0.52383
0.0476607
0.0953215
0.190643
0.381286
0.762572
0.525143
0.0502866
0.100573
0.201146
0.402293
0.804585
0.609171
0.218341
0.436683
0.873365
0.74673
0.493461
0.986921
0.973842
0.947685
0.895369
0.790739
0.581477
0.162954
0.325909
0.651817
0.303634
0.607269
0.214538
0.429075
0.85815
0.7163
0.432601
0.865201
0.730402
0.460805
0.92161
0.84322
0.68644
0.37288
0.745759
0.491518
0.983036
0.966072
0.932144
0.864289
0.728577
0.457154
0.914308
0.828617
0.657233
0.314466
0.628933
0.257866
0.515732
0.0314631
0.0629262
0.125852
0.251705
0.503409
0.00681844
0.0136369
0.0272737
0.0545475
0.109095
0.21819
0.43638
0.87276
0.74552
0.49104
0.982079
0.964159
0.928318
0.856635
0.713271
0.426542
0.853084
0.706168
0.412336
0.824671
0.649343
0.298685
0.597371
0.194741
0.389482
0.778965
0.557929
0.115858
0.231716
0.463432
0.926865
0.85373
0.70746
0.414919
0.829838
0.659677
0.319354
0.638707
0.277415
0.55483
0.10966
0.219319
0.438638
0.877276
0.754553
0.509105
0.0182102
0.0364203
0.0728406
0.145681
0.291362
0.582725
0.16545
0.3309
0.6618
0.3236
0.6472
0.2944
0.5888
0.1776
0.3552
0.710399
0.420799
0.841598
0.683196
0.366391
0.732783
0.465565
0.931131
0.862261
0.724523
0.449046
0.898091
0.796182
0.592365
0.184729
0.369458
0.738916
0.477832
0.955665
0.911329
0.822659
0.645318
0.290635
0.581271
0.162541
0.325082
0.650164
0.300328
0.600657
0.201314
0.402628
0.805256
0.610511
0.221022
0.442045
0.88409
0.76818
0.536359
0.0727186
0.145437
0.290874
0.581749
0.163498
0.326995
0.653991
0.307982
0.615963
0.231926
0.463852
0.927704
0.855409
0.710818
0.421635
0.84327
0.686541
0.373081
0.746162
0.492325
0.98465
0.9693
0.9386
0.8772
0.7544
0.508799
0.0175984
0.0351969
0.0703937
0.140787
0.281575
0.56315
0.1263
0.252599
0.505199
0.0103977
0.0207953
0.0415907
0.0831814
0.166363
0.332725
0.665451
0.330902
0.661803
0.323606
0.647213
0.294426
0.588852
0.177704
0.355408
0.710816
0.421632
0.843264
0.686528
0.373055
0.74611
0.492221
0.984442
0.968883
0.937767
0.875534
0.751068
0.502135
0.00427067
0.00854135
0.0170827
0.0341654
0.0683308
0.136662
0.273323
0.546646
0.0932927
0.186585
0.373171
0.746341
0.492683
0.985366
0.970732
0.941463
0.882927
0.765853
0.531706
0.0634126
0.126825
0.25365
0.507301
0.0146016
0.0292033
0.0584066
0.116813
0.233626
0.467252
0.934505
0.86901
0.73802
0.476039
0.952079
0.904158
0.808316
0.616632
0.233263
0.466527
0.933054
0.866107
0.732215
0.46443
0.92886
0.857719
0.715438
0.430876
0.861752
0.723504
0.447009
0.894017
0.788035
0.576069
0.152139
0.304277
0.608554
0.217108
0.434216
0.868432
0.736865
0.473729
0.947459
0.894917
0.789834
0.579668
0.159336
0.318672
0.637344
0.274688
0.549376
0.0987526
0.197505
0.395011
0.790021
0.580042
0.160084
0.320169
0.640338
0.280675
0.56135
0.122701
0.245402
0.490804
0.981608
0.963215
0.926431
0.852861
0.705722
0.411444
0.822888
0.645776
0.291553
0.583106
0.166211
0.332423
0.664846
0.329691
0.659382
0.318765
0.63753
0.275059
0.550118
0.100236
0.200473
0.400946
0.801891
0.603782
0.207565
0.415129
0.830258
0.660516
0.321033
0.642065
0.284131
0.568262
0.136523
0.273047
0.546093
0.0921864
0.184373
0.368745
0.737491
0.474982
0.949964
0.899928
0.799856
0.599712
0.199423
0.398847
0.797694
0.595387
0.190775
0.381549
0.763099
0.526198
0.0523951
0.10479
0.20958
0.419161
0.838321
0.676642
0.353285
0.70657
0.413139
0.826279
0.652557
0.305115
0.61023
0.22046
0.440919
0.881838
0.763676
0.527353
0.0547053
0.109411
0.218821
0.437642
0.875285
0.75057
0.50114
0.00227932
0.00455864
0.00911728
0.0182346
0.0364691
0.0729382
0.145876
0.291753
0.583506
0.167012
0.334024
0.668047
0.336095
0.67219
0.344379
0.688758
0.377516
0.755032
0.510065
0.0201299
0.0402599
0.0805197
0.161039
0.322079
0.644158
0.288315
0.576631
0.153261
0.306522
0.613044
0.226089
0.452177
0.904355
0.80871
0.617419
0.234838
0.469677
0.939353
0.878706
0.757413
0.514825
0.0296507
0.0593014
0.118603
0.237205
0.474411
0.948822
0.897644
0.795287
0.590575
0.18115
0.3623
0.724599
0.449198
0.898397
0.796794
0.593588
0.187176
0.374352
0.748704
0.497407
0.994815
0.98963
0.97926
0.95852
0.91704
0.83408
0.66816
0.336319
0.672639
0.345277
0.690554
0.381108
0.762217
0.524434
0.0488679
0.0977358
0.195472
0.390943
0.781886
0.563773
0.127546
0.255092
0.510184
0.0203675
0.0407349
0.0814698
0.16294
0.325879
0.651759
0.303517
0.607034
0.214069
0.428138
0.856276
0.712552
0.425104
0.850208
0.700415
0.40083
0.80166
0.60332
0.20664
0.413281
0.826562
0.653124
0.306247
0.612494
0.224989
0.449978
0.899956
0.799911
0.599822
0.199645
0.399289
0.798579
0.597157
0.194315
0.38863
0.77726
0.554519
0.109038
0.218076
0.436152
0.872304
0.744609
0.489218
0.978435
0.95687
0.913741
0.827481
0.654962
0.309924
0.619848
0.239696
0.479393
0.958785
0.91757
0.835141
0.670281
0.340562
0.681125
0.362249
0.724498
0.448997
0.897994
0.795987
0.591974
0.183948
0.367896
0.735792
0.471585
0.94317
0.88634
0.77268
0.545359
0.0907189
0.181438
0.362876
0.725751
0.451502
0.903004
0.806009
0.612018
0.224036
0.448071
0.896142
0.792284
0.584568
0.169137
0.338273
0.676546
0.353093
0.706186
0.412371
0.824743
0.649486
0.298972
0.597943
0.195886
0.391773
0.783546
0.567092
0.134184
0.268368
0.536735
0.0734702
0.14694
0.293881
0.587762
0.175524
0.351048
0.702096
0.404191
0.808383
0.616765
0.23353
0.46706
0.934121
0.868242
0.736484
0.472968
0.945936
0.891871
0.783743
0.567486
0.134971
0.269942
0.539885
0.0797697
0.159539
0.319079
0.638158
0.276315
0.55263
0.10526
0.210521
0.421041
0.842083
0.684165
0.368331
0.736661
0.473323
0.946645
0.89329
0.78658
0.57316
0.146321
0.292641
0.585283
0.170565
0.34113
0.68226
0.36452
0.729041
0.458081
0.916163
0.832326
0.664652
0.329304
0.658608
0.317216
0.634432
0.268864
0.537728
0.0754551
0.15091
0.30182
0.603641
0.207281
0.414563
0.829126
0.658252
0.316503
0.633007
0.266013
0.532027
0.0640536
0.128107
0.256214
0.512429
0.0248578
0.0497155
0.0994311
0.198862
0.397724
0.795449
0.590897
0.181794
0.363588
0.727176
0.454353
0.908705
0.81741
0.634821
0.269641
0.539283
0.0785658
0.157132
0.314263
0.628526
0.257052
0.514105
0.0282092
0.0564185
0.112837
0.225674
0.451348
0.902695
0.805391
0.610781
0.221563
0.443125
0.88625
0.772501
0.545002
0.090003
0.180006
0.360012
0.720024
0.440049
0.880097
0.760195
0.520389
0.0407788
0.0815577
0.163115
0.326231
0.652461
0.304923
0.609846
0.219692
0.439383
0.878767
0.757533
0.515066
0.0301323
0.0602645
0.120529
0.241058
0.482116
0.964232
0.928464
0.856928
0.713857
0.427713
0.855427
0.710853
0.421707
0.843413
0.686827
0.373654
0.747308
0.494616
0.989231
0.978463
0.956926
0.913851
0.827702
0.655405
0.310809
0.621618
0.243236
0.486473
0.972946
0.945892
0.891784
0.783567
0.567134
0.134268
0.268537
0.537074
0.074147
0.148294
0.296588
0.593176
0.186353
0.372705
0.745411
0.490822
0.981643
0.963287
0.926574
0.853147
0.706295
0.412589
0.825179
0.650358
0.300716
0.601431
0.202863
0.405725
0.811451
0.622902
0.245804
0.491608
0.983215
0.96643
0.93286
0.86572
0.73144
0.462881
0.925762
0.851524
0.703047
0.406095
0.81219
0.624379
0.248758
0.497517
0.995033
0.990066
0.980132
0.960264
0.920528
0.841056
0.682112
0.364224
0.728449
0.456897
0.913794
0.827588
0.655177
0.310354
0.620707
0.241414
0.482829
0.965657
0.931315
0.862629
0.725258
0.450516
0.901033
0.802065
0.60413
0.208261
0.416522
0.833043
0.666087
0.332174
0.664348
0.328696
0.657391
0.314782
0.629564
0.259128
0.518257
0.036513
0.0730261
0.146052
0.292104
0.584209
0.168418
0.336835
0.67367
0.34734
0.69468
0.38936
0.77872
0.557441
0.114882
0.229764
0.459528
0.919056
0.838111
0.676223
0.352445
0.704891
0.409781
0.819563
0.639126
0.278251
0.556502
0.113004
0.226009
0.452018
0.904036
0.808072
0.616144
0.232287
0.464575
0.929149
0.858298
0.716596
0.433193
0.866386
0.732771
0.465543
0.931085
0.86217
0.724341
0.448681
0.897362
0.794725
0.589449
0.178898
0.357796
0.715593
0.431185
0.86237
0.724741
0.449482
0.898963
0.797926
0.595853
0.191705
0.383411
0.766821
0.533642
0.0672847
0.134569
0.269139
0.538277
0.0765549
0.15311
0.30622
0.612439
0.224878
0.449757
0.899513
0.799026
0.598052
0.196104
0.392209
0.784418
0.568836
0.137672
0.275344
0.550688
0.101375
0.20275
0.405501
0.811002
0.622004
0.244008
0.488015
0.976031
0.952061
0.904122
0.808244
0.616489
0.232977
0.465954
0.931908
0.863817
0.727633
0.455267
0.910534
0.821068
0.642135
0.284271
0.568541
0.137083
0.274166
0.548332
0.0966637
0.193327
0.386655
0.773309
0.546619
0.0932374
0.186475
0.372949
0.745899
0.491798
0.983596
0.967191
0.934383
0.868766
0.737532
0.475063
0.950127
0.900253
0.800507
0.601013
0.202026
0.404053
0.808106
0.616212
0.232424
0.464848
0.929696
0.859391
0.718783
0.437566
0.875132
0.750264
0.500528
0.00105587
0.00211175
0.00422349
0.00844699
0.016894
0.033788
0.0675759
0.135152
0.270304
0.540607
0.0812144
0.162429
0.324858
0.649715
0.29943
0.598861
0.197722
0.395443
0.790887
0.581773
0.163546
0.327093
0.654186
0.308372
0.616744
0.233488
0.466976
0.933952
0.867904
0.735807
0.471614
0.943228
0.886457
0.772914
0.545828
0.091656
0.183312
0.366624
0.733248
0.466496
0.932992
0.865984
0.731968
0.463935
0.92787
0.855741
0.711481
0.422963
0.845925
0.691851
0.383702
0.767404
0.534807
0.0696144
0.139229
0.278458
0.556915
0.113831
0.227662
0.455324
0.910648
0.821295
0.642591
0.285182
0.570364
0.140727
0.281455
0.562909
0.125818
0.251636
0.503273
0.00654511
0.0130902
0.0261805
0.0523609
0.104722
0.209444
0.418887
0.837775
0.675549
0.351098
0.702197
0.404393
0.808786
0.617572
0.235144
0.470288
0.940577
0.881153
0.762306
0.524613
0.0492258
0.0984517
0.196903
0.393807
0.787613
0.575227
0.150453
0.300906
0.601812
0.203624
0.407248
0.814497
0.628993
0.257986
0.515972
0.0319446
0.0638893
0.127779
0.255557
0.511114
0.0222287
0.0444573
0.0889146
0.177829
0.355659
0.711317
0.422634
0.845268
0.690536
0.381073
0.762145
0.524291
0.0485816
0.0971631
0.194326
0.388653
0.777305
0.55461
0.10922
0.218441
0.436881
0.873762
0.747524
0.495048
0.990097
0.980194
0.960388
0.920775
0.841551
0.683101
0.366203
0.732405
0.46481
0.929621
0.859242
0.718484
0.436967
0.873935
0.747869
0.495738
0.991477
0.982953
0.965906
0.931812
0.863625
0.72725
0.454499
0.908998
0.817996
0.635992
0.271984
0.543968
0.0879368
0.175874
0.351747
0.703495
0.40699
0.813979
0.627958
0.255917
0.511833
0.0236669
0.0473337
0.0946674
0.189335
0.37867
0.757339
0.514679
0.0293578
0.0587157
0.117431
0.234863
0.469725
0.939451
0.878902
0.757803
0.515606
0.0312125
0.0624251
0.12485
0.2497
0.4994
0.998801
0.997602
0.995204
0.990408
0.980815
0.961631
0.923261
0.846523
0.693045
0.38609
0.77218
0.544361
0.088721
0.177442
0.354884
0.709768
0.419536
0.839073
0.678146
0.356291
0.712583
0.425166
0.850331
0.700662
0.401325
0.802649
0.605299
0.210597
0.421194
0.842389
0.684777
0.369554
0.739108
0.478216
0.956433
0.912865
0.82573
0.651461
0.302922
0.605844
0.211687
0.423374
0.846749
0.693497
0.386995
0.773989
0.547979
0.0959576
0.191915
0.38383
0.767661
0.535321
0.0706427
0.141285
0.282571
0.565141
0.130282
0.260565
0.52113
0.0422593
0.0845187
0.169037
0.338075
0.676149
0.352299
0.704598
0.409196
0.818391
0.636783
0.273566
0.547131
0.0942623
0.188525
0.377049
0.754099
0.508197
0.0163945
0.032789
0.065578
0.131156
0.262312
0.524624
0.0492486
0.0984972
0.196994
0.393989
0.787978
0.575955
0.151911
0.303821
0.607643
0.215286
0.430572
0.861144
0.722287
0.444575
0.88915
0.778299
0.556598
0.113196
0.226393
0.452786
0.905572
0.811143
0.622287
0.244574
0.489148
0.978295
0.95659
0.913181
0.826362
0.652723
0.305447
0.610894
0.221787
0.443574
0.887148
0.774297
0.548594
0.0971875
0.194375
0.38875
0.7775
0.555001
0.110001
0.220002
0.440005
0.88001
0.760019
0.520038
0.040076
0.080152
0.160304
0.320608
0.641216
0.282432
0.564865
0.129729
0.259459
0.518917
0.0378341
0.0756682
0.151336
0.302673
0.605346
0.210691
0.421383
0.842766
0.685532
0.371064
0.742128
0.484255
0.968511
0.937022
0.874044
0.748087
0.496174
0.992349
0.984697
0.969394
0.938789
0.877577
0.755155
0.510309
0.020618
0.041236
0.082472
0.164944
0.329888
0.659776
0.319552
0.639104
0.278209
0.556418
0.112835
0.225671
0.451341
0.902682
0.805365
0.610729
0.221458
0.442917
0.885834
0.771668
0.543336
0.0866711
0.173342
0.346684
0.693369
0.386738
0.773475
0.546951
0.0939012
0.187802
0.375605
0.751209
0.502418
0.00483684
0.00967369
0.0193474
0.0386948
0.0773895
0.154779
0.309558
0.619116
0.238232
0.476464
0.952928
0.905856
0.811713
0.623426
0.246851
0.493703
0.987406
0.974812
0.949624
0.899248
0.798496
0.596991
0.193983
0.387966
0.775932
0.551864
0.103728
0.207456
0.414911
0.829822
0.659644
0.319289
0.638577
0.277155
0.554309
0.108618
0.217237
0.434473
0.868946
0.737893
0.475786
0.951571
0.903143
0.806285
0.612571
0.225142
0.450284
0.900567
0.801135
0.602269
0.204538
0.409077
0.818154
0.636308
0.272615
0.545231
0.0904618
0.180924
0.361847
0.723695
0.447389
0.894779
0.789557
0.579115
0.15823
0.316459
0.632919
0.265838
0.531675
0.0633508
0.126702
0.253403
0.506806
0.0136125
0.0272249
0.0544499
0.1089
0.2178
0.435599
0.871198
0.742396
0.484792
0.969585
0.939169
0.878339
0.756677
0.513355
0.0267092
0.0534184
0.106837
0.213674
0.427347
0.854695
0.709389
0.418778
0.837557
0.675113
0.350226
0.700452
0.400905
0.80181
0.60362
0.207239
0.414478
0.828957
0.657913
0.315827
0.631653
0.263306
0.526612
0.0532248
0.10645
0.212899
0.425798
0.851597
0.703194
0.406388
0.812775
0.625551
0.251101
0.502202
0.00440408
0.00880816
0.0176163
0.0352327
0.0704653
0.140931
0.281861
0.563723
0.127445
0.25489
0.50978
0.0195605
0.039121
0.078242
0.156484
0.312968
0.625936
0.251872
0.503744
0.00748873
0.0149775
0.0299549
0.0599098
0.11982
0.239639
0.479279
0.958557
0.917115
0.834229
0.668459
0.336918
0.673836
0.347672
0.695344
0.390688
0.781376
0.562751
0.125503
0.251005
0.50201
0.00402013
0.00804026
0.0160805
0.032161
0.0643221
0.128644
0.257288
0.514576
0.0291528
0.0583057
0.116611
0.233223
0.466446
0.932891
0.865782
0.731564
0.463128
0.926256
0.852513
0.705026
0.410051
0.820103
0.640206
0.280412
0.560823
0.121647
0.243293
0.486587
0.973174
0.946347
0.892695
0.785389
0.570778
0.141557
0.283114
0.566228
0.132456
0.264912
0.529824
0.0596479
0.119296
0.238592
0.477183
0.954366
0.908733
0.817466
0.634931
0.269863
0.539725
0.0794508
0.158902
0.317803
0.635607
0.271213
0.542426
0.0848522
0.169704
0.339409
0.678818
0.357635
0.71527
0.430541
0.861082
0.722164
0.444327
0.888655
0.77731
0.55462
0.10924
0.21848
0.436959
0.873918
0.747837
0.495673
0.991346
0.982693
0.965386
0.930771
0.861542
0.723085
0.446169
0.892338
0.784677
0.569353
0.138707
0.277413
0.554827
0.109653
0.219306
0.438612
0.877224
0.754448
0.508897
0.0177937
0.0355873
0.0711747
0.142349
0.284699
0.569397
0.138794
0.277589
0.555178
0.110356
0.220712
0.441423
0.882847
0.765694
0.531387
0.0627748
0.12555
0.251099
0.502199
0.00439757
0.00879515
0.0175903
0.0351806
0.0703612
0.140722
0.281445
0.56289
0.125779
0.251558
0.503116
0.00623274
0.0124655
0.024931
0.049862
0.0997239
0.199448
0.398896
0.797791
0.595583
0.191165
0.38233
0.764661
0.529321
0.0586425
0.117285
0.23457
0.46914
0.938279
0.876559
0.753118
0.506235
0.0124704
0.0249407
0.0498815
0.099763
0.199526
0.399052
0.798104
0.596207
0.192415
0.384829
0.769659
0.539317
0.0786341
0.157268
0.314536
0.629073
0.258146
0.516291
0.0325824
0.0651648
0.13033
0.260659
0.521318
0.0426368
0.0852736
0.170547
0.341094
0.682189
0.364377
0.728754
0.457509
0.915018
0.830035
0.660071
0.320141
0.640282
0.280565
0.561129
0.122258
0.244517
0.489034
0.978067
0.956135
0.91227
0.82454
0.649079
0.298158
0.596316
0.192633
0.385265
0.770531
0.541061
0.0821222
0.164244
0.328489
0.656978
0.313956
0.627911
0.255822
0.511645
0.0232894
0.0465788
0.0931576
0.186315
0.372631
0.745261
0.490522
0.981045
0.962089
0.924179
0.848358
0.696715
0.393431
0.786862
0.573723
0.147446
0.294893
0.589786
0.179572
0.359143
0.718287
0.436574
0.873147
0.746294
0.492589
0.985177
0.970354
0.940708
0.881417
0.762834
0.525667
0.0513343
0.102669
0.205337
0.410675
0.821349
0.642698
0.285397
0.570793
0.141586
0.283173
0.566345
0.13269
0.265381
0.530761
0.0615221
0.123044
0.246088
0.492177
0.984354
0.968708
0.937416
0.874831
0.749662
0.499324
0.998648
0.997296
0.994592
0.989184
0.978368
0.956737
0.913474
0.826947
0.653895
0.30779
0.615579
0.231158
0.462316
0.924633
0.849266
0.698531
0.397062
0.794124
0.588248
0.176497
0.352994
0.705987
0.411974
0.823949
0.647898
0.295796
0.591592
0.183183
0.366367
0.732734
0.465468
0.930935
0.861871
0.723742
0.447484
0.894967
0.789935
0.57987
0.159739
0.319479
0.638958
0.277916
0.555832
0.111664
0.223328
0.446656
0.893311
0.786622
0.573245
0.14649
0.29298
0.585959
0.171919
0.343837
0.687675
0.375349
0.750698
0.501397
0.00279343
0.00558686
0.0111737
0.0223474
0.0446948
0.0893897
0.178779
0.357559
0.715118
0.430235
0.86047
0.72094
0.441881
0.883761
0.767522
0.535045
0.0700895
0.140179
0.280358
0.560716
0.121432
0.242864
0.485728
0.971456
0.942911
0.885822
0.771645
0.54329
0.08658
0.17316
0.34632
0.69264
0.38528
0.77056
0.54112
0.0822394
0.164479
0.328957
0.657915
0.31583
0.63166
0.263319
0.526638
0.0532769
0.106554
0.213107
0.426215
0.85243
0.70486
0.40972
0.819439
0.638878
0.277757
0.555513
0.111026
0.222052
0.444105
0.888209
0.776418
0.552837
0.105674
0.211347
0.422694
0.845389
0.690777
0.381554
0.763109
0.526217
0.0524341
0.104868
0.209736
0.419473
0.838946
0.677892
0.355784
0.711568
0.423135
0.84627
0.692541
0.385081
0.770163
0.540326
0.0806515
0.161303
0.322606
0.645212
0.290424
0.580848
0.161695
0.32339
0.64678
0.29356
0.587121
0.174242
0.348484
0.696968
0.393935
0.78787
0.575741
0.151481
0.302962
0.605925
0.21185
0.4237
0.847399
0.694799
0.389598
0.779196
0.558391
0.116782
0.233564
0.467129
0.934258
0.868515
0.737031
0.474061
0.948122
0.896245
0.792489
0.584978
0.169957
0.339913
0.679826
0.359653
0.719305
0.43861
0.877221
0.754442
0.508884
0.0177676
0.0355353
0.0710705
0.142141
0.284282
0.568564
0.137129
0.274257
0.548514
0.0970281
0.194056
0.388112
0.776225
0.55245
0.104899
0.209798
0.419597
0.839193
0.678386
0.356773
0.713546
0.427092
0.854184
0.708367
0.416735
0.83347
0.666939
0.333879
0.667758
0.335516
0.671031
0.342062
0.684125
0.368249
0.736499
0.472997
0.945994
0.891989
0.783977
0.567954
0.135908
0.271817
0.543633
0.0872666
0.174533
0.349066
0.698132
0.396265
0.79253
0.58506
0.170119
0.340239
0.680477
0.360954
0.721908
0.443817
0.887633
0.775267
0.550533
0.101066
0.202132
0.404264
0.808529
0.617058
0.234116
0.468232
0.936464
0.872928
0.745855
0.49171
0.98342
0.96684
0.93368
0.86736
0.73472
0.469441
0.938881
0.877763
0.755525
0.511051
0.0221018
0.0442035
0.088407
0.176814
0.353628
0.707256
0.414512
0.829025
0.65805
0.3161
0.6322
0.264399
0.528799
0.057598
0.115196
0.230392
0.460784
0.921568
0.843135
0.686271
0.372541
0.745082
0.490164
0.980329
0.960658
0.921315
0.842631
0.685262
0.370524
0.741047
0.482095
0.96419
0.92838
0.856759
0.713518
0.427037
0.854073
0.708146
0.416292
0.832585
0.665169
0.330339
0.660677
0.321355
0.64271
0.285419
0.570839
0.141677
0.283355
0.56671
0.133419
0.266838
0.533677
0.067353
0.134706
0.269412
0.538824
0.0776482
0.155296
0.310593
0.621185
0.242371
0.484742
0.969484
0.938968
0.877935
0.75587
0.511741
0.0234814
0.0469628
0.0939256
0.187851
0.375702
0.751404
0.502809
0.00561777
0.0112355
0.0224711
0.0449421
0.0898843
0.179769
0.359537
0.719074
0.438148
0.876297
0.752594
0.505187
0.0103749
0.0207498
0.0414996
0.0829991
0.165998
0.331997
0.663993
0.327986
0.655972
0.311945
0.623889
0.247779
0.495558
0.991115
0.982231
0.964461
0.928923
0.857846
0.715692
0.431384
0.862767
0.725535
0.451069
0.902139
0.804278
0.608556
0.217111
0.434223
0.868445
0.736891
0.473781
0.947563
0.895125
0.79025
0.580501
0.161002
0.322004
0.644008
0.288016
0.576032
0.152064
0.304127
0.608255
0.216509
0.433019
0.866037
0.732075
0.46415
0.9283
0.8566
0.713199
0.426399
0.852798
0.705595
0.41119
0.822381
0.644761
0.289522
0.579045
0.15809
0.31618
0.632359
0.264718
0.529437
0.0588735
0.117747
0.235494
0.470988
0.941976
0.883952
0.767903
0.535806
0.0716123
0.143225
0.286449
0.572898
0.145797
0.291594
0.583187
0.166374
0.332748
0.665496
0.330993
0.661985
0.323971
0.647942
0.295884
0.591767
0.183535
0.36707
0.73414
0.468279
0.936558
0.873116
0.746232
0.492465
0.98493
0.96986
0.939719
0.879438
0.758877
0.517754
0.0355076
0.0710152
0.14203
0.284061
0.568122
0.136243
0.272487
0.544974
0.0899477
0.179895
0.359791
0.719582
0.439164
0.878327
0.756655
0.513309
0.0266181
0.0532362
0.106472
0.212945
0.42589
0.851779
0.703558
0.407116
0.814233
0.628466
0.256932
0.513864
0.0277277
0.0554553
0.110911
0.221821
0.443643
0.887285
0.77457
0.54914
0.0982808
0.196562
0.393123
0.786247
0.572493
0.144987
0.289973
0.579946
0.159892
0.319785
0.63957
0.279139
0.558279
0.116558
0.233115
0.466231
0.932462
0.864923
0.729846
0.459692
0.919384
0.838769
0.677537
0.355074
0.710149
0.420298
0.840596
0.681191
0.362383
0.724765
0.44953
0.899061
0.798122
0.596243
0.192486
0.384972
0.769945
0.53989
0.0797795
0.159559
0.319118
0.638236
0.276471
0.552943
0.105885
0.21177
0.42354
0.847081
0.694161
0.388322
0.776645
0.553289
0.106578
0.213156
0.426313
0.852625
0.70525
0.4105
0.821001
0.642002
0.284004
0.568008
0.136016
0.272031
0.544063
0.0881256
0.176251
0.352502
0.705005
0.410009
0.820018
0.640037
0.280073
0.560147
0.120293
0.240586
0.481172
0.962345
0.92469
0.849379
0.698759
0.397518
0.795035
0.590071
0.180141
0.360282
0.720564
0.441129
0.882258
0.764516
0.529032
0.0580633
0.116127
0.232253
0.464506
0.929012
0.858025
0.71605
0.4321
0.864199
0.728398
0.456796
0.913592
0.827185
0.65437
0.30874
0.617479
0.234959
0.469917
0.939835
0.879669
0.759339
0.518678
0.0373558
0.0747116
0.149423
0.298846
0.597693
0.195385
0.390771
0.781542
0.563083
0.126166
0.252333
0.504665
0.00933041
0.0186608
0.0373216
0.0746433
0.149287
0.298573
0.597146
0.194292
0.388584
0.777168
0.554337
0.108674
0.217347
0.434694
0.869389
0.738778
0.477556
0.955112
0.910223
0.820446
0.640892
0.281785
0.56357
0.127139
0.254278
0.508557
0.0171136
0.0342272
0.0684544
0.136909
0.273818
0.547636
0.095271
0.190542
0.381084
0.762168
0.524336
0.0486727
0.0973453
0.194691
0.389381
0.778763
0.557526
0.115051
0.230102
0.460205
0.920409
0.840819
0.681637
0.363274
0.726548
0.453097
0.906193
0.812386
0.624773
0.249546
0.499091
0.998183
0.996365
0.992731
0.985462
0.970924
0.941847
0.883694
0.767389
0.534778
0.0695559
0.139112
0.278223
0.556447
0.112894
0.225788
0.451575
0.903151
0.806302
0.612603
0.225207
0.450414
0.900828
0.801655
0.60331
0.206621
0.413242
0.826484
0.652967
0.305935
0.61187
0.223739
0.447479
0.894958
0.789915
0.579831
0.159661
0.319323
0.638646
0.277291
0.554582
0.109165
0.21833
0.43666
0.87332
0.746639
0.493278
0.986557
0.973113
0.946227
0.892454
0.784908
0.569815
0.139631
0.279261
0.558523
0.117046
0.234092
0.468183
0.936366
0.872732
0.745465
0.490929
0.981858
0.963716
0.927433
0.854865
0.709731
0.419462
0.838923
0.677846
0.355693
0.711385
0.422771
0.845541
0.691083
0.382166
0.764332
0.528664
0.0573279
0.114656
0.229312
0.458623
0.917247
0.834493
0.668986
0.337972
0.675944
0.351889
0.703778
0.407556
0.815112
0.630223
0.260446
0.520892
0.0417843
0.0835686
0.167137
0.334274
0.668548
0.337097
0.674194
0.348388
0.696776
0.393551
0.787102
0.574205
0.14841
0.296819
0.593638
0.187277
0.374554
0.749107
0.498214
0.996429
0.992858
0.985716
0.971431
0.942862
0.885725
0.77145
0.5429
0.0857991
0.171598
0.343196
0.686393
0.372785
0.74557
0.491141
0.982281
0.964562
0.929125
0.858249
0.716499
0.432998
0.865995
0.73199
0.463981
0.927961
0.855923
0.711846
0.423692
0.847383
0.694766
0.389533
0.779065
0.558131
0.116262
0.232523
0.465046
0.930093
0.860185
0.720371
0.440742
0.881483
0.762967
0.525934
0.051868
0.103736
0.207472
0.414944
0.829887
0.659774
0.319549
0.639098
0.278196
0.556392
0.112783
0.225566
0.451133
0.902266
0.804532
0.609063
0.218127
0.436253
0.872506
0.745012
0.490025
0.980049
0.960098
0.920196
0.840392
0.680785
0.361569
0.723138
0.446277
0.892553
0.785106
0.570212
0.140425
0.280849
0.561699
0.123397
0.246795
0.493589
0.987178
0.974356
0.948713
0.897426
0.794851
0.589703
0.179406
0.358811
0.717623
0.435246
0.870492
0.740984
0.481968
0.963936
0.927872
0.855744
0.711488
0.422976
0.845951
0.691903
0.383806
0.767612
0.535224
0.0704474
0.140895
0.28179
0.563579
0.127159
0.254317
0.508635
0.0172698
0.0345396
0.0690792
0.138158
0.276317
0.552633
0.105267
0.210534
0.421067
0.842135
0.684269
0.368539
0.737078
0.474156
0.948311
0.896622
0.793244
0.586488
0.172976
0.345952
0.691905
0.383809
0.767618
0.535237
0.0704735
0.140947
0.281894
0.563788
0.127575
0.25515
0.510301
0.0206017
0.0412035
0.0824069
0.164814
0.329628
0.659255
0.318511
0.637022
0.274044
0.548088
0.0961756
0.192351
0.384702
0.769405
0.538809
0.0776189
0.155238
0.310476
0.620951
0.241902
0.483805
0.96761
0.935219
0.870438
0.740877
0.481753
0.963506
0.927013
0.854026
0.708052
0.416104
0.832207
0.664414
0.328829
0.657658
0.315316
0.630631
0.261263
0.522526
0.0450511
0.0901023
0.180205
0.360409
0.720818
0.441637
0.883273
0.766546
0.533092
0.0661849
0.13237
0.26474
0.529479
0.0589581
0.117916
0.235832
0.471665
0.943329
0.886659
0.773317
0.546635
0.0932699
0.18654
0.37308
0.746159
0.492318
0.984637
0.969274
0.938548
0.877096
0.754191
0.508383
0.0167654
0.0335309
0.0670618
0.134124
0.268247
0.536494
0.0729887
0.145977
0.291955
0.583909
0.167819
0.335638
0.671275
0.34255
0.685101
0.370202
0.740403
0.480806
0.961613
0.923225
0.846451
0.692902
0.385804
0.771608
0.543215
0.0864303
0.172861
0.345721
0.691443
0.382885
0.76577
0.53154
0.0630807
0.126161
0.252323
0.504646
0.00929136
0.0185827
0.0371654
0.0743309
0.148662
0.297324
0.594647
0.189294
0.378588
0.757177
0.514354
0.0287071
0.0574141
0.114828
0.229657
0.459313
0.918626
0.837252
0.674505
0.349009
0.698019
0.396037
0.792074
0.584149
0.168297
0.336594
0.673188
0.346377
0.692754
0.385508
0.771015
0.542031
0.0840615
0.168123
0.336246
0.672492
0.344984
0.689969
0.379937
0.759874
0.519748
0.0394968
0.0789937
0.157987
0.315975
0.631949
0.263898
0.527797
0.0555936
0.111187
0.222374
0.444749
0.889498
0.778995
0.557991
0.115982
0.231964
0.463927
0.927854
0.855708
0.711416
0.422833
0.845665
0.69133
0.382661
0.765321
0.530642
0.0612846
0.122569
0.245138
0.490277
0.980553
0.961107
0.922214
0.844427
0.688854
0.377708
0.755416
0.510833
0.0216657
0.0433315
0.086663
0.173326
0.346652
0.693304
0.386607
0.773215
0.54643
0.0928599
0.18572
0.37144
0.742879
0.485759
0.971517
0.943035
0.88607
0.77214
0.544279
0.0885583
0.177117
0.354233
0.708467
0.416933
0.833867
0.667733
0.335467
0.670934
0.341867
0.683734
0.367468
0.734937
0.469873
0.939747
0.879494
0.758988
0.517975
0.0359501
0.0719003
0.143801
0.287601
0.575202
0.150404
0.300808
0.601617
0.203234
0.406467
0.812935
0.625869
0.251739
0.503478
0.0069551
0.0139102
0.0278204
0.0556408
0.111282
0.222563
0.445126
0.890253
0.780505
0.56101
0.122021
0.244042
0.488084
0.976167
0.952334
0.904669
0.809338
0.618675
0.23735
0.474701
0.949401
0.898802
0.797604
0.595208
0.190417
0.380834
0.761667
0.523334
0.0466683
0.0933366
0.186673
0.373346
0.746693
0.493386
0.986771
0.973543
0.947086
0.894172
0.788344
0.576687
0.153375
0.30675
0.6135
0.227
0.454
0.907999
0.815998
0.631996
0.263993
0.527986
0.0559711
0.111942
0.223884
0.447768
0.895537
0.791074
0.582147
0.164295
0.32859
0.65718
0.314359
0.628718
0.257436
0.514873
0.029745
0.0594901
0.11898
0.23796
0.475921
0.951841
0.903683
0.807366
0.614731
0.229463
0.458926
0.917852
0.835703
0.671407
0.342814
0.685628
0.371256
0.742512
0.485023
0.970047
0.940093
0.880187
0.760374
0.520747
0.0414947
0.0829894
0.165979
0.331957
0.663915
0.32783
0.65566
0.31132
0.62264
0.24528
0.49056
0.98112
0.962239
0.924478
0.848956
0.697913
0.395826
0.791651
0.583303
0.166605
0.33321
0.66642
0.332841
0.665682
0.331364
0.662727
0.325455
0.650909
0.301819
0.603637
0.207275
0.41455
0.8291
0.6582
0.316399
0.632798
0.265597
0.531194
0.0623876
0.124775
0.249551
0.499101
0.998202
0.996404
0.992809
0.985618
0.971236
0.942472
0.884944
0.769888
0.539776
0.0795517
0.159103
0.318207
0.636413
0.272827
0.545654
0.0913078
0.182616
0.365231
0.730463
0.460925
0.921851
0.843701
0.687403
0.374806
0.749612
0.499223
0.998446
0.996893
0.993785
0.98757
0.975141
0.950281
0.900562
0.801125
0.60225
0.204499
0.408999
0.817998
0.635995
0.271991
0.543981
0.0879629
0.175926
0.351852
0.703703
0.407406
0.814812
0.629624
0.259249
0.518497
0.0369946
0.0739892
0.147978
0.295957
0.591914
0.183828
0.367655
0.735311
0.470622
0.941244
0.882487
0.764975
0.529949
0.0598984
0.119797
0.239594
0.479188
0.958375
0.91675
0.833501
0.667001
0.334003
0.668005
0.33601
0.67202
0.344041
0.688081
0.376163
0.752325
0.504651
0.00930112
0.0186022
0.0372045
0.074409
0.148818
0.297636
0.595272
0.190544
0.381087
0.762175
0.524349
0.0486987
0.0973974
0.194795
0.38959
0.779179
0.558359
0.116717
0.233434
0.466869
0.933737
0.867474
0.734948
0.469896
0.939792
0.879585
0.75917
0.518339
0.036679
0.073358
0.146716
0.293432
0.586864
0.173728
0.347456
0.694911
0.389822
0.779645
0.559289
0.118578
0.237157
0.474313
0.948627
0.897253
0.794507
0.589013
0.178026
0.356052
0.712104
0.424209
0.848418
0.696836
0.393672
0.787343
0.574686
0.149373
0.298745
0.597491
0.194982
0.389964
0.779928
0.559855
0.119711
0.239421
0.478843
0.957685
0.915371
0.830741
0.661483
0.322965
0.645931
0.291862
0.583724
0.167448
0.334896
0.669791
0.339583
0.679166
0.358332
0.716663
0.433326
0.866652
0.733305
0.46661
0.93322
0.866439
0.732879
0.465757
0.931515
0.863029
0.726059
0.452117
0.904234
0.808469
0.616938
0.233875
0.46775
0.935501
0.871001
0.742002
0.484005
0.96801
0.93602
0.872039
0.744078
0.488157
0.976314
0.952627
0.905254
0.810509
0.621018
0.242036
0.484072
0.968143
0.936286
0.872573
0.745146
0.490291
0.980583
0.961165
0.922331
0.844661
0.689323
0.378645
0.757291
0.514581
0.0291626
0.0583252
0.11665
0.233301
0.466602
0.933203
0.866407
0.732814
0.465627
0.931254
0.862509
0.725017
0.450035
0.900069
0.800139
0.600278
0.200556
0.401112
0.802223
0.604446
0.208892
0.417784
0.835568
0.671137
0.342274
0.684548
0.369095
0.738191
0.476381
0.952762
0.905525
0.811049
0.622098
0.244196
0.488393
0.976785
0.953571
0.907142
0.814283
0.628567
0.257134
0.514267
0.0285346
0.0570692
0.114138
0.228277
0.456554
0.913108
0.826215
0.652431
0.304861
0.609722
0.219444
0.438889
0.877777
0.755555
0.511109
0.0222189
0.0444378
0.0888756
0.177751
0.355502
0.711005
0.422009
0.844019
0.688037
0.376075
0.75215
0.504299
0.00859829
0.0171966
0.0343932
0.0687863
0.137573
0.275145
0.550291
0.100581
0.201163
0.402325
0.80465
0.609301
0.218602
0.437203
0.874406
0.748813
0.497626
0.995251
0.990502
0.981004
0.962008
0.924016
0.848032
0.696065
0.392129
0.784259
0.568517
0.137034
0.274068
0.548137
0.0962732
0.192546
0.385093
0.770186
0.540371
0.0807426
0.161485
0.32297
0.645941
0.291881
0.583763
0.167526
0.335052
0.670104
0.340208
0.680415
0.360831
0.721661
0.443322
0.886644
0.773288
0.546576
0.0931528
0.186306
0.372611
0.745222
0.490444
0.980889
0.961777
0.923554
0.847108
0.694216
0.388433
0.776866
0.553732
0.107463
0.214926
0.429853
0.859705
0.719411
0.438822
0.877644
0.755288
0.510576
0.0211516
0.0423033
0.0846065
0.169213
0.338426
0.676852
0.353705
0.707409
0.414818
0.829637
0.659273
0.318547
0.637094
0.274187
0.548374
0.0967483
0.193497
0.386993
0.773986
0.547972
0.0959446
0.191889
0.383778
0.767557
0.535113
0.0702262
0.140452
0.280905
0.561809
0.123619
0.247237
0.494474
0.988948
0.977897
0.955793
0.911586
0.823173
0.646346
0.292692
0.585383
0.170767
0.341534
0.683067
0.366134
0.732269
0.464537
0.929074
0.858149
0.716297
0.432594
0.865188
0.730376
0.460753
0.921506
0.843012
0.686023
0.372047
0.744093
0.488186
0.976372
0.952744
0.905489
0.810978
0.621955
0.24391
0.48782
0.97564
0.95128
0.90256
0.805121
0.610241
0.220482
0.440965
0.881929
0.763859
0.527717
0.0554342
0.110868
0.221737
0.443473
0.886947
0.773893
0.547787
0.0955736
0.191147
0.382295
0.764589
0.529178
0.0583561
0.116712
0.233424
0.466849
0.933698
0.867396
0.734792
0.469584
0.939168
0.878335
0.756671
0.513342
0.0266832
0.0533663
0.106733
0.213465
0.426931
0.853862
0.707723
0.415446
0.830893
0.661785
0.323571
0.647141
0.294283
0.588566
0.177131
0.354263
0.708525
0.41705
0.834101
0.668202
0.336404
0.672808
0.345616
0.691231
0.382462
0.764924
0.529848
0.0596967
0.119393
0.238787
0.477574
0.955147
0.910295
0.820589
0.641179
0.282357
0.564715
0.12943
0.25886
0.51772
0.0354393
0.0708786
0.141757
0.283514
0.567028
0.134057
0.268114
0.536228
0.072455
0.14491
0.28982
0.57964
0.159281
0.318561
0.637123
0.274246
0.548491
0.0969825
0.193965
0.38793
0.77586
0.551721
0.103441
0.206883
0.413766
0.827531
0.655063
0.310126
0.620252
0.240503
0.481006
0.962013
0.924026
0.848052
0.696104
0.392207
0.784415
0.568829
0.137659
0.275318
0.550636
0.101271
0.202542
0.405084
0.810169
0.620338
0.240676
0.481351
0.962703
0.925406
0.850811
0.701622
0.403244
0.806489
0.612978
0.225955
0.451911
0.903821
0.807642
0.615285
0.230569
0.461138
0.922277
0.844554
0.689108
0.378216
0.756432
0.512863
0.0257265
0.0514531
0.102906
0.205812
0.411625
0.823249
0.646499
0.292998
0.585995
0.17199
0.34398
0.687961
0.375922
0.751844
0.503687
0.00737484
0.0147497
0.0294994
0.0589988
0.117998
0.235995
0.47199
0.94398
0.88796
0.775921
0.551841
0.103682
0.207364
0.414729
0.829458
0.658915
0.317831
0.635662
0.271324
0.542647
0.0852947
0.170589
0.341179
0.682358
0.364716
0.729431
0.458862
0.917725
0.83545
0.670899
0.341799
0.683598
0.367195
0.73439
0.46878
0.93756
0.875121
0.750241
0.500482
0.000964766
0.00192953
0.00385906
0.00771813
0.0154363
0.0308725
0.061745
0.12349
0.24698
0.49396
0.98792
0.97584
0.95168
0.903361
0.806721
0.613443
0.226886
0.453772
0.907544
0.815087
0.630174
0.260348
0.520697
0.0413938
0.0827876
0.165575
0.331151
0.662301
0.324602
0.649204
0.298409
0.596817
0.193635
0.38727
0.774539
0.549079
0.0981572
0.196314
0.392629
0.785257
0.570515
0.14103
0.28206
0.56412
0.128239
0.256478
0.512956
0.025912
0.051824
0.103648
0.207296
0.414592
0.829184
0.658369
0.316738
0.633475
0.266951
0.533901
0.067802
0.135604
0.271208
0.542416
0.0848327
0.169665
0.339331
0.678661
0.357323
0.714646
0.429291
0.858583
0.717166
0.434332
0.868663
0.737327
0.474653
0.949307
0.898613
0.797227
0.594453
0.188907
0.377814
0.755628
0.511256
0.0225117
0.0450235
0.090047
0.180094
0.360188
0.720376
0.440752
0.881503
0.763006
0.526012
0.0520241
0.104048
0.208097
0.416193
0.832386
0.664772
0.329545
0.65909
0.318179
0.636358
0.272716
0.545433
0.0908653
0.181731
0.363461
0.726922
0.453845
0.90769
0.81538
0.63076
0.26152
0.52304
0.0460794
0.0921587
0.184317
0.368635
0.73727
0.474539
0.949079
0.898158
0.796316
0.592631
0.185263
0.370525
0.741051
0.482101
0.964203
0.928406
0.856811
0.713622
0.427245
0.85449
0.708979
0.417958
0.835917
0.671833
0.343666
0.687333
0.374666
0.749332
0.498663
0.997327
0.994654
0.989308
0.978616
0.957231
0.914463
0.828926
0.657851
0.315703
0.631406
0.262812
0.525623
0.0512465
0.102493
0.204986
0.409972
0.819943
0.639887
0.279774
0.559548
0.119096
0.238191
0.476383
0.952766
0.905531
0.811062
0.622124
0.244248
0.488497
0.976994
0.953987
0.907975
0.815949
0.631899
0.263798
0.527595
0.0551901
0.11038
0.220761
0.441521
0.883042
0.766084
0.532168
0.0643367
0.128673
0.257347
0.514694
0.0293871
0.0587742
0.117548
0.235097
0.470194
0.940388
0.880776
0.761552
0.523103
0.0462063
0.0924125
0.184825
0.36965
0.7393
0.4786
0.957201
0.914401
0.828802
0.657604
0.315208
0.630417
0.260833
0.521667
0.0433331
0.0866662
0.173332
0.346665
0.69333
0.38666
0.773319
0.546638
0.0932764
0.186553
0.373106
0.746211
0.492423
0.984845
0.96969
0.939381
0.878762
0.757523
0.515047
0.0300932
0.0601864
0.120373
0.240746
0.481491
0.962983
0.925965
0.85193
0.703861
0.407722
0.815443
0.630887
0.261774
0.523547
0.0470946
0.0941891
0.188378
0.376756
0.753513
0.507026
0.0140517
0.0281035
0.056207
0.112414
0.224828
0.449656
0.899311
0.798623
0.597245
0.194491
0.388981
0.777962
0.555925
0.111849
0.223699
0.447397
0.894795
0.78959
0.57918
0.15836
0.31672
0.633439
0.266879
0.533758
0.0675157
0.135031
0.270063
0.540126
0.0802513
0.160503
0.321005
0.64201
0.28402
0.56804
0.136081
0.272162
0.544323
0.0886462
0.177292
0.354585
0.70917
0.418339
0.836678
0.673356
0.346712
0.693424
0.386848
0.773697
0.547393
0.0947862
0.189572
0.379145
0.75829
0.516579
0.0331583
0.0663167
0.132633
0.265267
0.530533
0.0610666
0.122133
0.244266
0.488533
0.977065
0.954131
0.908261
0.816522
0.633044
0.266088
0.532176
0.064353
0.128706
0.257412
0.514824
0.0296474
0.0592949
0.11859
0.237179
0.474359
0.948718
0.897435
0.794871
0.589742
0.179484
0.358968
0.717935
0.435871
0.871741
0.743483
0.486966
0.973932
0.947864
0.895727
0.791454
0.582909
0.165818
0.331635
0.663271
0.326541
0.653083
0.306166
0.612332
0.224664
0.449327
0.898654
0.797308
0.594616
0.189232
0.378465
0.756929
0.513859
0.0277179
0.0554358
0.110872
0.221743
0.443486
0.886973
0.773945
0.547891
0.0957819
0.191564
0.383128
0.766255
0.53251
0.06502
0.13004
0.26008
0.52016
0.04032
0.0806401
0.16128
0.32256
0.645121
0.290242
0.580483
0.160966
0.321932
0.643865
0.28773
0.575459
0.150918
0.301837
0.603673
0.207347
0.414693
0.829386
0.658772
0.317545
0.635089
0.270178
0.540357
0.0807133
0.161427
0.322853
0.645706
0.291413
0.582826
0.165652
0.331303
0.662607
0.325214
0.650428
0.300856
0.601711
0.203422
0.406845
0.81369
0.627379
0.254758
0.509517
0.0190334
0.0380668
0.0761335
0.152267
0.304534
0.609068
0.218136
0.436273
0.872545
0.74509
0.490181
0.980361
0.960723
0.921446
0.842891
0.685782
0.371565
0.74313
0.48626
0.97252
0.945039
0.890079
0.780157
0.560314
0.120628
0.241257
0.482513
0.965026
0.930052
0.860104
0.720208
0.440416
0.880833
0.761665
0.523331
0.0466618
0.0933236
0.186647
0.373294
0.746589
0.493177
0.986355
0.97271
0.94542
0.89084
0.78168
0.56336
0.126719
0.253439
0.506878
0.0137556
0.0275113
0.0550226
0.110045
0.22009
0.44018
0.880361
0.760722
0.521444
0.0428873
0.0857747
0.171549
0.343099
0.686197
0.372395
0.744789
0.489579
0.979157
0.958315
0.91663
0.83326
0.66652
0.333039
0.666079
0.332158
0.664315
0.32863
0.657261
0.314522
0.629044
0.258087
0.516174
0.0323481
0.0646962
0.129392
0.258785
0.51757
0.0351399
0.0702798
0.14056
0.281119
0.562239
0.124478
0.248955
0.49791
0.99582
0.991641
0.983282
0.966563
0.933127
0.866254
0.732508
0.465015
0.930031
0.860062
0.720124
0.440247
0.880494
0.760989
0.521977
0.0439546
0.0879092
0.175818
0.351637
0.703274
0.406547
0.813094
0.626188
0.252377
0.504753
0.00950611
0.0190122
0.0380245
0.0760489
0.152098
0.304196
0.608391
0.216783
0.433565
0.867131
0.734262
0.468523
0.937046
0.874092
0.748185
0.49637
0.992739
0.985478
0.970956
0.941912
0.883825
0.767649
0.535299
0.0705971
0.141194
0.282388
0.564777
0.129554
0.259107
0.518214
0.0364284
0.0728569
0.145714
0.291428
0.582855
0.16571
0.331421
0.662841
0.325682
0.651365
0.30273
0.60546
0.210919
0.421839
0.843677
0.687354
0.374708
0.749416
0.498833
0.997665
0.995331
0.990661
0.981323
0.962646
0.925292
0.850583
0.701167
0.402333
0.804667
0.609333
0.218667
0.437333
0.874667
0.749333
0.498667
0.997333
0.994667
0.989334
0.978668
0.957336
0.914671
0.829342
0.658684
0.317369
0.634738
0.269475
0.538951
0.077902
0.155804
0.311608
0.623216
0.246432
0.492863
0.985727
0.971454
0.942908
0.885816
0.771632
0.543264
0.0865279
0.173056
0.346112
0.692223
0.384447
0.768894
0.537788
0.0755755
0.151151
0.302302
0.604604
0.209208
0.418415
0.836831
0.673662
0.347324
0.694648
0.389295
0.77859
0.557181
0.114361
0.228723
0.457445
0.914891
0.829781
0.659563
0.319126
0.638252
0.276504
0.553008
0.106015
0.21203
0.424061
0.848122
0.696244
0.392487
0.784974
0.569949
0.139898
0.279795
0.55959
0.11918
0.238361
0.476721
0.953442
0.906885
0.813769
0.627539
0.255077
0.510154
0.0203089
0.0406178
0.0812356
0.162471
0.324942
0.649884
0.299769
0.599538
0.199075
0.398151
0.796301
0.592602
0.185204
0.370408
0.740816
0.481633
0.963266
0.926531
0.853063
0.706126
0.412251
0.824502
0.649004
0.298008
0.596017
0.192034
0.384068
0.768136
0.536271
0.0725429
0.145086
0.290172
0.580343
0.160686
0.321373
0.642745
0.285491
0.570982
0.141964
0.283927
0.567855
0.13571
0.27142
0.542839
0.0856787
0.171357
0.342715
0.685429
0.370859
0.741718
0.483435
0.966871
0.933742
0.867484
0.734968
0.469935
0.939871
0.879741
0.759482
0.518964
0.0379285
0.0758569
0.151714
0.303428
0.606856
0.213711
0.427422
0.854844
0.709688
0.419377
0.838754
0.677508
0.355016
0.710032
0.420064
0.840127
0.680254
0.360508
0.721017
0.442034
0.884067
0.768134
0.536268
0.0725364
0.145073
0.290146
0.580291
0.160582
0.321164
0.642329
0.284658
0.569316
0.138632
0.277264
0.554527
0.109054
0.218109
0.436217
0.872435
0.744869
0.489738
0.979476
0.958953
0.917905
0.835811
0.671622
0.343243
0.686487
0.372974
0.745948
0.491895
0.983791
0.967582
0.935164
0.870328
0.740655
0.481311
0.962621
0.925243
0.850486
0.700971
0.401943
0.803886
0.607771
0.215543
0.431086
0.862172
0.724344
0.448688
0.897375
0.794751
0.589501
0.179002
0.358005
0.716009
0.432018
0.864036
0.728073
0.456145
0.912291
0.824582
0.649164
0.298327
0.596655
0.193309
0.386619
0.773238
0.546476
0.092951
0.185902
0.371804
0.743608
0.487216
0.974433
0.948866
0.897732
0.795463
0.590926
0.181853
0.363705
0.727411
0.454821
0.909642
0.819285
0.638569
0.277138
0.554277
0.108553
0.217106
0.434213
0.868426
0.736852
0.473703
0.947406
0.894813
0.789626
0.579252
0.158503
0.317006
0.634012
0.268024
0.536049
0.0720971
0.144194
0.288388
0.576777
0.153554
0.307108
0.614216
0.228431
0.456863
0.913726
0.827452
0.654903
0.309807
0.619614
0.239228
0.478455
0.956911
0.913822
0.827644
0.655287
0.310575
0.62115
0.242299
0.484599
0.969197
0.938395
0.87679
0.75358
0.507159
0.0143186
0.0286371
0.0572742
0.114548
0.229097
0.458194
0.916388
0.832775
0.66555
0.3311
0.6622
0.3244
0.648801
0.297602
0.595204
0.190407
0.380814
0.761628
0.523256
0.0465121
0.0930242
0.186048
0.372097
0.744194
0.488388
0.976776
0.953551
0.907103
0.814205
0.628411
0.256821
0.513643
0.0272851
0.0545703
0.109141
0.218281
0.436562
0.873124
0.746249
0.492497
0.984995
0.96999
0.93998
0.879959
0.759918
0.519836
0.0396725
0.0793451
0.15869
0.31738
0.634761
0.269521
0.539042
0.0780842
0.156168
0.312337
0.624674
0.249347
0.498694
0.997389
0.994778
0.989555
0.97911
0.958221
0.916441
0.832882
0.665765
0.33153
0.663059
0.326118
0.652237
0.304474
0.608948
0.217896
0.435791
0.871582
0.743164
0.486328
0.972656
0.945313
0.890625
0.78125
0.562501
0.125001
0.250003
0.500006
1.13885e-05
2.27769e-05
4.55539e-05
9.11077e-05
0.000182215
0.000364431
0.000728862
0.00145772
0.00291545
0.00583089
0.0116618
0.0233236
0.0466472
0.0932943
0.186589
0.373177
0.746354
0.492709
0.985418
0.970836
0.941672
0.883343
0.766686
0.533372
0.0667445
0.133489
0.266978
0.533956
0.0679127
0.135825
0.271651
0.543301
0.0866028
0.173206
0.346411
0.692822
0.385644
0.771289
0.542577
0.0851548
0.17031
0.340619
0.681238
0.362477
0.724954
0.449908
0.899816
0.799631
0.599263
0.198525
0.397051
0.794101
0.588203
0.176406
0.352811
0.705623
0.411246
0.822491
0.644982
0.289965
0.57993
0.15986
0.31972
0.63944
0.278879
0.557758
0.115516
0.231033
0.462066
0.924132
0.848263
0.696527
0.393053
0.786107
0.572213
0.144427
0.288854
0.577708
0.155415
0.31083
0.621661
0.243321
0.486642
0.973284
0.946569
0.893137
0.786274
0.572549
0.145097
0.290194
0.580389
0.160777
0.321555
0.64311
0.28622
0.57244
0.144879
0.289758
0.579517
0.159033
0.318067
0.636134
0.272267
0.544535
0.0890692
0.178138
0.356277
0.712554
0.425107
0.850214
0.700428
0.400856
0.801712
0.603424
0.206849
0.413697
0.827395
0.65479
0.309579
0.619158
0.238317
0.476633
0.953267
0.906533
0.813066
0.626133
0.252266
0.504532
0.00906359
0.0181272
0.0362544
0.0725087
0.145017
0.290035
0.58007
0.16014
0.320279
0.640559
0.281118
0.562236
0.124471
0.248942
0.497884
0.995768
0.991537
0.983073
0.966147
0.932294
0.864588
0.729176
0.458352
0.916703
0.833406
0.666813
0.333625
0.66725
0.3345
0.669001
0.338002
0.676003
0.352006
0.704012
0.408024
0.816049
0.632097
0.264195
0.528389
0.056778
0.113556
0.227112
0.454224
0.908448
0.816896
0.633793
0.267585
0.53517
0.07034
0.14068
0.28136
0.56272
0.125441
0.250881
0.501763
0.00352554
0.00705109
0.0141022
0.0282043
0.0564087
0.112817
0.225635
0.45127
0.902539
0.805078
0.610157
0.220313
0.440626
0.881252
0.762505
0.52501
0.0500198
0.10004
0.200079
0.400158
0.800316
0.600633
0.201265
0.40253
0.80506
0.610121
0.220242
0.440483
0.880966
0.761932
0.523865
0.0477291
0.0954581
0.190916
0.381832
0.763665
0.52733
0.0546598
0.10932
0.218639
0.437278
0.874556
0.749112
0.498224
0.996448
0.992897
0.985794
0.971587
0.943175
0.88635
0.772699
0.545398
0.090797
0.181594
0.363188
0.726376
0.452752
0.905503
0.811007
0.622014
0.244027
0.488054
0.976109
0.952217
0.904435
0.808869
0.617738
0.235476
0.470952
0.941904
0.883808
0.767617
0.535233
0.0704669
0.140934
0.281868
0.563736
0.127471
0.254942
0.509884
0.0197687
0.0395375
0.079075
0.15815
0.3163
0.6326
0.2652
0.5304
0.0607998
0.1216
0.243199
0.486398
0.972796
0.945592
0.891185
0.78237
0.564739
0.129479
0.258957
0.517915
0.0358297
0.0716595
0.143319
0.286638
0.573276
0.146552
0.293103
0.586207
0.172413
0.344826
0.689653
0.379306
0.758612
0.517223
0.0344469
0.0688937
0.137787
0.275575
0.55115
0.102299
0.204599
0.409197
0.818395
0.636789
0.273579
0.547157
0.0943144
0.188629
0.377258
0.754515
0.50903
0.0180605
0.036121
0.0722419
0.144484
0.288968
0.577935
0.155871
0.311741
0.623483
0.246965
0.493931
0.987862
0.975723
0.951446
0.902892
0.805784
0.611569
0.223137
0.446275
0.89255
0.7851
0.570199
0.140399
0.280797
0.561595
0.123189
0.246378
0.492756
0.985512
0.971024
0.942049
0.884098
0.768196
0.536392
0.0727837
0.145567
0.291135
0.582269
0.164539
0.329078
0.658156
0.316311
0.632623
0.265245
0.530491
0.060982
0.121964
0.243928
0.487856
0.975712
0.951423
0.902847
0.805693
0.611387
0.222773
0.445546
0.891092
0.782184
0.564368
0.128737
0.257474
0.514947
0.0298947
0.0597894
0.119579
0.239158
0.478316
0.956631
0.913262
0.826524
0.653049
0.306098
0.612195
0.22439
0.44878
0.897561
0.795122
0.590243
0.180486
0.360972
0.721944
0.443888
0.887776
0.775553
0.551106
0.102211
0.204423
0.408846
0.817692
0.635384
0.270767
0.541535
0.0830691
0.166138
0.332276
0.664553
0.329106
0.658211
0.316422
0.632844
0.265688
0.531376
0.0627521
0.125504
0.251008
0.502017
0.00403314
0.00806629
0.0161326
0.0322651
0.0645303
0.129061
0.258121
0.516242
0.0324848
0.0649696
0.129939
0.259878
0.519757
0.0395131
0.0790262
0.158052
0.316105
0.63221
0.264419
0.528838
0.0576761
0.115352
0.230704
0.461409
0.922817
0.845634
0.691268
0.382537
0.765074
0.530148
0.0602954
0.120591
0.241182
0.482363
0.964727
0.929453
0.858907
0.717813
0.435627
0.871253
0.742507
0.485014
0.970027
0.940054
0.880109
0.760217
0.520435
0.0408699
0.0817399
0.16348
0.32696
0.653919
0.307838
0.615677
0.231353
0.462707
0.925414
0.850827
0.701655
0.403309
0.806619
0.613238
0.226476
0.452952
0.905904
0.811807
0.623614
0.247229
0.494458
0.988916
0.977832
0.955663
0.911326
0.822652
0.645305
0.290609
0.581218
0.162437
0.324874
0.649748
0.299495
0.598991
0.197982
0.395964
0.791928
0.583856
0.167711
0.335423
0.670846
0.341691
0.683383
0.366766
0.733531
0.467062
0.934124
0.868248
0.736497
0.472994
0.945988
0.891976
0.783951
0.567902
0.135804
0.271608
0.543217
0.0864336
0.172867
0.345734
0.691469
0.382937
0.765874
0.531749
0.0634972
0.126994
0.253989
0.507978
0.0159552
0.0319105
0.063821
0.127642
0.255284
0.510568
0.0211354
0.0422707
0.0845415
0.169083
0.338166
0.676332
0.352663
0.705327
0.410653
0.821307
0.642614
0.285227
0.570455
0.140909
0.281819
0.563638
0.127276
0.254552
0.509103
0.0182069
0.0364138
0.0728276
0.145655
0.29131
0.582621
0.165242
0.330484
0.660967
0.321934
0.643868
0.287736
0.575472
0.150944
0.301889
0.603777
0.207555
0.41511
0.830219
0.660438
0.320877
0.641753
0.283506
0.567012
0.134024
0.268049
0.536097
0.0721947
0.144389
0.288779
0.577558
0.155116
0.310232
0.620463
0.240926
0.481852
0.963705
0.92741
0.85482
0.70964
0.419279
0.838559
0.677117
0.354235
0.70847
0.41694
0.83388
0.667759
0.335519
0.671038
0.342075
0.684151
0.368301
0.736603
0.473205
0.946411
0.892822
0.785643
0.571286
0.142572
0.285144
0.570289
0.140578
0.281155
0.56231
0.124621
0.249241
0.498483
0.996966
0.993932
0.987863
0.975726
0.951453
0.902905
0.80581
0.611621
0.223242
0.446483
0.892966
0.785933
0.571865
0.143731
0.287461
0.574922
0.149845
0.299689
0.599378
0.198756
0.397513
0.795026
0.590051
0.180102
0.360204
0.720408
0.440817
0.881633
0.763266
0.526533
0.0530654
0.106131
0.212261
0.424523
0.849046
0.698092
0.396184
0.792367
0.584734
0.169469
0.338937
0.677874
0.355748
0.711496
0.422992
0.845984
0.691968
0.383936
0.767872
0.535744
0.0714887
0.142977
0.285955
0.571909
0.143818
0.287637
0.575274
0.150547
0.301095
0.60219
0.204379
0.408758
0.817516
0.635032
0.270064
0.540129
0.0802578
0.160516
0.321031
0.642062
0.284124
0.568249
0.136497
0.272995
0.545989
0.0919781
0.183956
0.367913
0.735825
0.47165
0.9433
0.8866
0.7732
0.546401
0.0928014
0.185603
0.371205
0.742411
0.484822
0.969643
0.939286
0.878573
0.757146
0.514292
0.0285834
0.0571668
0.114334
0.228667
0.457335
0.914669
0.829339
0.658678
0.317356
0.634712
0.269423
0.538847
0.0776937
0.155387
0.310775
0.62155
0.2431
0.4862
0.972399
0.944798
0.889597
0.779194
0.558388
0.116776
0.233551
0.467103
0.934206
0.868411
0.736822
0.473645
0.947289
0.894579
0.789157
0.578314
0.156629
0.313258
0.626515
0.253031
0.506061
0.0121222
0.0242444
0.0484888
0.0969777
0.193955
0.387911
0.775821
0.551643
0.103285
0.20657
0.413141
0.826282
0.652564
0.305128
0.610256
0.220512
0.441023
0.882046
0.764093
0.528186
0.0563713
0.112743
0.225485
0.45097
0.90194
0.803881
0.607762
0.215523
0.431047
0.862094
0.724188
0.448375
0.896751
0.793501
0.587002
0.174004
0.348009
0.696017
0.392035
0.78407
0.56814
0.136279
0.272559
0.545117
0.0902341
0.180468
0.360936
0.721873
0.443745
0.88749
0.77498
0.54996
0.0999208
0.199842
0.399683
0.799366
0.598732
0.197465
0.394929
0.789858
0.579717
0.159434
0.318867
0.637735
0.275469
0.550938
0.101876
0.203753
0.407505
0.815011
0.630021
0.260043
0.520085
0.0401704
0.0803407
0.160681
0.321363
0.642726
0.285452
0.570904
0.141808
0.283615
0.56723
0.13446
0.268921
0.537841
0.0756829
0.151366
0.302731
0.605463
0.210926
0.421852
0.843703
0.687406
0.374812
0.749625
0.499249
0.998498
0.996997
0.993993
0.987987
0.975974
0.951947
0.903894
0.807789
0.615577
0.231155
0.46231
0.92462
0.849239
0.698479
0.396958
0.793916
0.587832
0.175664
0.351328
0.702655
0.405311
0.810621
0.621242
0.242485
0.48497
0.969939
0.939879
0.879757
0.759515
0.519029
0.0380586
0.0761172
0.152234
0.304469
0.608938
0.217876
0.435752
0.871504
0.743008
0.486016
0.972032
0.944063
0.888126
0.776252
0.552505
0.10501
0.21002
0.420039
0.840078
0.680157
0.360313
0.720626
0.441253
0.882505
0.76501
0.530021
0.0600416
0.120083
0.240166
0.480333
0.960666
0.921332
0.842663
0.685327
0.370654
0.741308
0.482616
0.965231
0.930462
0.860924
0.721848
0.443696
0.887392
0.774785
0.54957
0.0991398
0.19828
0.396559
0.793119
0.586238
0.172475
0.34495
0.6899
0.3798
0.759601
0.519202
0.0384035
0.0768071
0.153614
0.307228
0.614457
0.228913
0.457826
0.915652
0.831304
0.662609
0.325217
0.650434
0.300869
0.601737
0.203474
0.406949
0.813898
0.627796
0.255591
0.511183
0.0223653
0.0447306
0.0894613
0.178923
0.357845
0.71569
0.43138
0.862761
0.725522
0.451043
0.902087
0.804174
0.608347
0.216695
0.43339
0.866779
0.733559
0.467117
0.934235
0.86847
0.736939
0.473879
0.947758
0.895516
0.791031
0.582063
0.164126
0.328251
0.656503
0.313005
0.626011
0.252022
0.504044
0.00808744
0.0161749
0.0323497
0.0646995
0.129399
0.258798
0.517596
0.035192
0.070384
0.140768
0.281536
0.563072
0.126144
0.252287
0.504574
0.00914819
0.0182964
0.0365928
0.0731855
0.146371
0.292742
0.585484
0.170969
0.341937
0.683874
0.367748
0.735496
0.470993
0.941986
0.883971
0.767942
0.535884
0.0717685
0.143537
0.287074
0.574148
0.148296
0.296591
0.593183
0.186366
0.372731
0.745463
0.490926
0.981852
0.963703
0.927407
0.854813
0.709627
0.419253
0.838507
0.677013
0.354027
0.708053
0.416107
0.832214
0.664427
0.328855
0.65771
0.31542
0.63084
0.261679
0.523359
0.0467171
0.0934342
0.186868
0.373737
0.747474
0.494948
0.989895
0.97979
0.959581
0.919161
0.838323
0.676646
0.353291
0.706583
0.413165
0.826331
0.652662
0.305323
0.610646
0.221293
0.442585
0.88517
0.77034
0.54068
0.0813608
0.162722
0.325443
0.650887
0.301773
0.603546
0.207093
0.414185
0.828371
0.656742
0.313484
0.626968
0.253935
0.50787
0.0157405
0.031481
0.0629619
0.125924
0.251848
0.503696
0.00739111
0.0147822
0.0295645
0.0591289
0.118258
0.236516
0.473031
0.946063
0.892125
0.78425
0.568501
0.137002
0.274003
0.548006
0.0960129
0.192026
0.384052
0.768103
0.536206
0.0724127
0.144825
0.289651
0.579302
0.158604
0.317208
0.634416
0.268831
0.537662
0.0753249
0.15065
0.3013
0.602599
0.205199
0.410398
0.820796
0.641592
0.283184
0.566368
0.132736
0.265472
0.530943
0.0618865
0.123773
0.247546
0.495092
0.990185
0.98037
0.960739
0.921478
0.842956
0.685913
0.371825
0.743651
0.487301
0.974602
0.949204
0.898408
0.796817
0.593634
0.187267
0.374534
0.749068
0.498136
0.996273
0.992545
0.985091
0.970182
0.940363
0.880727
0.761454
0.522908
0.0458158
0.0916316
0.183263
0.366526
0.733053
0.466105
0.932211
0.864422
0.728844
0.457688
0.915376
0.830751
0.661502
0.323005
0.646009
0.292018
0.584036
0.168073
0.336145
0.67229
0.344581
0.689162
0.378323
0.756646
0.513293
0.0265856
0.0531711
0.106342
0.212684
0.425369
0.850738
0.701476
0.402952
0.805903
0.611806
0.223613
0.447225
0.89445
0.7889
0.5778
0.155601
0.311201
0.622402
0.244805
0.48961
0.979219
0.958439
0.916877
0.833754
0.667509
0.335018
0.670035
0.340071
0.680142
0.360284
0.720568
0.441135
0.882271
0.764542
0.529084
0.0581674
0.116335
0.23267
0.465339
0.930678
0.861357
0.722714
0.445427
0.890855
0.781709
0.563418
0.126837
0.253673
0.507346
0.0146927
0.0293855
0.058771
0.117542
0.235084
0.470168
0.940336
0.880672
0.761343
0.522687
0.0453733
0.0907465
0.181493
0.362986
0.725972
0.451945
0.903889
0.807779
0.615558
0.231116
0.462232
0.924464
0.848927
0.697854
0.395709
0.791417
0.582834
0.165668
0.331336
0.662672
0.325344
0.650688
0.301376
0.602752
0.205505
0.41101
0.822019
0.644039
0.288078
0.576155
0.152311
0.304622
0.609244
0.218488
0.436975
0.873951
0.747902
0.495803
0.991607
0.983213
0.966427
0.932854
0.865707
0.731414
0.462829
0.925658
0.851315
0.702631
0.405262
0.810524
0.621047
0.242094
0.484189
0.968377
0.936755
0.87351
0.74702
0.49404
0.98808
0.976159
0.952318
0.904636
0.809272
0.618545
0.23709
0.47418
0.94836
0.89672
0.793439
0.586879
0.173757
0.347514
0.695028
0.390057
0.780113
0.560226
0.120453
0.240905
0.48181
0.96362
0.927241
0.854481
0.708963
0.417926
0.835852
0.671703
0.343406
0.686812
0.373625
0.747249
0.494499
0.988997
0.977994
0.955988
0.911977
0.823954
0.647908
0.295815
0.591631
0.183262
0.366523
0.733046
0.466092
0.932185
0.86437
0.72874
0.45748
0.914959
0.829918
0.659836
0.319673
0.639345
0.27869
0.557381
0.114762
0.229523
0.459046
0.918093
0.836185
0.67237
0.34474
0.68948
0.378961
0.757922
0.515844
0.0316876
0.0633752
0.12675
0.253501
0.507001
0.0140029
0.0280059
0.0560117
0.112023
0.224047
0.448094
0.896188
0.792375
0.584751
0.169501
0.339002
0.678004
0.356008
0.712017
0.424033
0.848066
0.696133
0.392266
0.784532
0.569064
0.138127
0.276255
0.55251
0.10502
0.210039
0.420078
0.840156
0.680313
0.360626
0.721251
0.442502
0.885004
0.770008
0.540017
0.0800333
0.160067
0.320133
0.640266
0.280532
0.561064
0.122128
0.244257
0.488513
0.977026
0.954052
0.908105
0.81621
0.632419
0.264839
0.529678
0.0593551
0.11871
0.23742
0.47484
0.949681
0.899362
0.798724
0.597447
0.194894
0.389788
0.779576
0.559153
0.118305
0.23661
0.47322
0.94644
0.89288
0.78576
0.57152
0.143041
0.286082
0.572163
0.144326
0.288652
0.577304
0.154608
0.309216
0.618433
0.236865
0.473731
0.947462
0.894924
0.789847
0.579694
0.159388
0.318776
0.637552
0.275105
0.550209
0.100419
0.200837
0.401674
0.803349
0.606698
0.213395
0.426791
0.853582
0.707164
0.414327
0.828654
0.657308
0.314616
0.629232
0.258464
0.516929
0.0338579
0.0677158
0.135432
0.270863
0.541727
0.083453
0.166906
0.333812
0.667624
0.335249
0.670498
0.340995
0.68199
0.36398
0.72796
0.455921
0.911842
0.823684
0.647368
0.294735
0.58947
0.17894
0.357881
0.715762
0.431524
0.863047
0.726094
0.452189
0.904378
0.808755
0.61751
0.235021
0.470041
0.940082
0.880164
0.760328
0.520656
0.0413125
0.0826249
0.16525
0.3305
0.661
0.321999
0.643998
0.287996
0.575993
0.151986
0.303971
0.607942
0.215885
0.431769
0.863539
0.727077
0.454154
0.908308
0.816616
0.633233
0.266466
0.532931
0.0658627
0.131725
0.263451
0.526902
0.053804
0.107608
0.215216
0.430432
0.860864
0.721728
0.443455
0.886911
0.773822
0.547644
0.0952873
0.190575
0.381149
0.762298
0.524597
0.0491933
0.0983866
0.196773
0.393546
0.787093
0.574185
0.148371
0.296741
0.593482
0.186964
0.373929
0.747858
0.495715
0.991431
0.982862
0.965724
0.931448
0.862896
0.725792
0.451584
0.903167
0.806334
0.612669
0.225337
0.450674
0.901348
0.802696
0.605393
0.210786
0.421572
0.843143
0.686287
0.372574
0.745147
0.490295
0.980589
0.961178
0.922357
0.844713
0.689427
0.378854
0.757707
0.515414
0.0308286
0.0616572
0.123314
0.246629
0.493257
0.986514
0.973029
0.946058
0.892115
0.784231
0.568462
0.136924
0.273847
0.547694
0.0953882
0.190776
0.381553
0.763105
0.526211
0.0524211
0.104842
0.209684
0.419369
0.838738
0.677475
0.354951
0.709902
0.419803
0.839606
0.679213
0.358426
0.716852
0.433704
0.867407
0.734815
0.469629
0.939259
0.878518
0.757035
0.51407
0.0281409
0.0562818
0.112564
0.225127
0.450254
0.900509
0.801017
0.602035
0.20407
0.40814
0.81628
0.632559
0.265119
0.530237
0.0604744
0.120949
0.241898
0.483795
0.96759
0.93518
0.87036
0.74072
0.481441
0.962882
0.925763
0.851527
0.703054
0.406108
0.812216
0.624431
0.248862
0.497725
0.995449
0.990899
0.981798
0.963596
0.927192
0.854384
0.708768
0.417535
0.835071
0.670141
0.340282
0.680565
0.36113
0.72226
0.444519
0.889039
0.778078
0.556156
0.112311
0.224623
0.449246
0.898491
0.796983
0.593965
0.187931
0.375862
0.751723
0.503447
0.00689328
0.0137866
0.0275731
0.0551462
0.110292
0.220585
0.44117
0.882339
0.764679
0.529357
0.058714
0.117428
0.234856
0.469712
0.939425
0.87885
0.757699
0.515398
0.030796
0.0615921
0.123184
0.246368
0.492737
0.985473
0.970946
0.941893
0.883786
0.767571
0.535142
0.0702847
0.140569
0.281139
0.562278
0.124556
0.249111
0.498223
0.996445
0.99289
0.985781
0.971561
0.943123
0.886245
0.772491
0.544982
0.089964
0.179928
0.359856
0.719712
0.439424
0.878848
0.757696
0.515392
0.030783
0.061566
0.123132
0.246264
0.492528
0.985057
0.970113
0.940227
0.880454
0.760907
0.521815
0.0436292
0.0872584
0.174517
0.349034
0.698067
0.396135
0.79227
0.584539
0.169078
0.338156
0.676312
0.352624
0.705249
0.410497
0.820994
0.641989
0.283978
0.567956
0.135912
0.271823
0.543646
0.0872926
0.174585
0.34917
0.698341
0.396681
0.793363
0.586726
0.173451
0.346902
0.693805
0.38761
0.775219
0.550439
0.100877
0.201755
0.40351
0.807019
0.614038
0.228077
0.456154
0.912307
0.824614
0.649229
0.298458
0.596915
0.19383
0.38766
0.77532
0.55064
0.101281
0.202562
0.405124
0.810247
0.620494
0.240988
0.481976
0.963952
0.927905
0.855809
0.711618
0.423236
0.846472
0.692944
0.385888
0.771777
0.543554
0.0871071
0.174214
0.348428
0.696857
0.393714
0.787428
0.574856
0.149711
0.299422
0.598845
0.197689
0.395378
0.790756
0.581513
0.163026
0.326052
0.652104
0.304207
0.608414
0.216828
0.433656
0.867313
0.734626
0.469252
0.938504
0.877008
0.754016
0.508031
0.0160626
0.0321252
0.0642505
0.128501
0.257002
0.514004
0.0280075
0.056015
0.11203
0.22406
0.44812
0.89624
0.792479
0.584959
0.169918
0.339835
0.67967
0.35934
0.71868
0.437361
0.874722
0.749444
0.498888
0.997776
0.995552
0.991104
0.982208
0.964416
0.928832
0.857664
0.715327
0.430655
0.86131
0.722619
0.445239
0.890477
0.780954
0.561909
0.123817
0.247634
0.495268
0.990536
0.981072
0.962145
0.924289
0.848579
0.697158
0.394316
0.788632
0.577263
0.154527
0.309054
0.618107
0.236215
0.472429
0.944859
0.889717
0.779435
0.558869
0.117739
0.235478
0.470955
0.941911
0.883821
0.767643
0.535286
0.0705711
0.141142
0.282284
0.564569
0.129137
0.258274
0.516548
0.0330965
0.066193
0.132386
0.264772
0.529544
0.0590882
0.118176
0.236353
0.472706
0.945412
0.890824
0.781647
0.563295
0.126589
0.253179
0.506357
0.0127144
0.0254288
0.0508576
0.101715
0.203431
0.406861
0.813722
0.627444
0.254888
0.509777
0.019554
0.039108
0.078216
0.156432
0.312864
0.625728
0.251456
0.502911
0.00582276
0.0116455
0.023291
0.0465821
0.0931642
0.186328
0.372657
0.745313
0.490626
0.981253
0.962506
0.925012
0.850024
0.700047
0.400095
0.800189
0.600379
0.200757
0.401515
0.80303
0.60606
0.21212
0.42424
0.84848
0.696959
0.393919
0.787838
0.575676
0.151351
0.302702
0.605404
0.210809
0.421617
0.843235
0.686469
0.372938
0.745876
0.491752
0.983505
0.967009
0.934018
0.868037
0.736074
0.472148
0.944296
0.888592
0.777183
0.554366
0.108732
0.217464
0.434929
0.869857
0.739715
0.47943
0.95886
0.91772
0.83544
0.67088
0.34176
0.683519
0.367039
0.734078
0.468155
0.936311
0.872622
0.745243
0.490487
0.980973
0.961946
0.923893
0.847785
0.69557
0.39114
0.78228
0.56456
0.129121
0.258242
0.516483
0.0329664
0.0659327
0.131865
0.263731
0.527462
0.0549233
0.109847
0.219693
0.439387
0.878773
0.757546
0.515092
0.0301843
0.0603686
0.120737
0.241475
0.482949
0.965898
0.931796
0.863592
0.727184
0.454369
0.908738
0.817475
0.634951
0.269902
0.539804
0.079607
0.159214
0.318428
0.636856
0.273712
0.547424
0.094848
0.189696
0.379392
0.758784
0.517568
0.0351367
0.0702733
0.140547
0.281093
0.562187
0.124373
0.248747
0.497494
0.994987
0.989975
0.97995
0.9599
0.919799
0.839598
0.679197
0.358393
0.716787
0.433574
0.867147
0.734294
0.468588
0.937176
0.874353
0.748705
0.497411
0.994822
0.989643
0.979286
0.958572
0.917144
0.834288
0.668576
0.337152
0.674305
0.348609
0.697218
0.394436
0.788872
0.577745
0.15549
0.31098
0.62196
0.24392
0.48784
0.975679
0.951358
0.902716
0.805433
0.610866
0.221732
0.443464
0.886927
0.773854
0.547709
0.0954174
0.190835
0.38167
0.76334
0.526679
0.0533582
0.106716
0.213433
0.426866
0.853731
0.707463
0.414926
0.829851
0.659703
0.319406
0.638812
0.277623
0.555246
0.110493
0.220985
0.44197
0.88394
0.76788
0.535761
0.0715212
0.143042
0.286085
0.57217
0.144339
0.288678
0.577356
0.154712
0.309425
0.618849
0.237698
0.475397
0.950794
0.901587
0.803175
0.60635
0.212699
0.425398
0.850796
0.701593
0.403186
0.806372
0.612743
0.225487
0.450973
0.901947
0.803894
0.607788
0.215576
0.431151
0.862302
0.724604
0.449208
0.898417
0.796833
0.593666
0.187332
0.374664
0.749328
0.498657
0.997314
0.994628
0.989256
0.978512
0.957023
0.914046
0.828093
0.656185
0.312371
0.624742
0.249484
0.498968
0.997935
0.995871
0.991742
0.983483
0.966967
0.933934
0.867868
0.735736
0.471471
0.942942
0.885884
0.771769
0.543537
0.0870746
0.174149
0.348298
0.696597
0.393193
0.786387
0.572773
0.145546
0.291092
0.582185
0.16437
0.328739
0.657479
0.314958
0.629916
0.259831
0.519662
0.0393244
0.0786487
0.157297
0.314595
0.62919
0.25838
0.51676
0.0335195
0.067039
0.134078
0.268156
0.536312
0.0726242
0.145248
0.290497
0.580994
0.161988
0.323976
0.647952
0.295903
0.591806
0.183613
0.367226
0.734452
0.468904
0.937808
0.875615
0.75123
0.502461
0.00492144
0.00984289
0.0196858
0.0393716
0.0787431
0.157486
0.314972
0.629945
0.25989
0.519779
0.0395586
0.0791173
0.158235
0.316469
0.632938
0.265877
0.531753
0.063507
0.127014
0.254028
0.508056
0.0161114
0.0322228
0.0644457
0.128891
0.257783
0.515566
0.0311312
0.0622624
0.124525
0.249049
0.498099
0.996198
0.992396
0.984792
0.969583
0.939166
0.878332
0.756664
0.513329
0.0266571
0.0533143
0.106629
0.213257
0.426514
0.853029
0.706057
0.412114
0.824229
0.648458
0.296915
0.59383
0.187661
0.375322
0.750643
0.501286
0.00257217
0.00514433
0.0102887
0.0205773
0.0411547
0.0823093
0.164619
0.329237
0.658475
0.316949
0.633898
0.267797
0.535593
0.071186
0.142372
0.284744
0.569488
0.138977
0.277953
0.555907
0.111814
0.223627
0.447254
0.894509
0.789017
0.578035
0.156069
0.312138
0.624277
0.248553
0.497107
0.994213
0.988426
0.976852
0.953704
0.907409
0.814817
0.629634
0.259268
0.518536
0.0370727
0.0741454
0.148291
0.296582
0.593163
0.186327
0.372653
0.745307
0.490613
0.981227
0.962454
0.924908
0.849815
0.699631
0.399262
0.798523
0.597047
0.194094
0.388187
0.776374
0.552749
0.105498
0.210996
0.421991
0.843983
0.687966
0.375932
0.751863
0.503726
0.00745294
0.0149059
0.0298117
0.0596235
0.119247
0.238494
0.476988
0.953976
0.907952
0.815904
0.631808
0.263615
0.527231
0.0544613
0.108923
0.217845
0.43569
0.87138
0.742761
0.485521
0.971042
0.942085
0.88417
0.768339
0.536678
0.0733564
0.146713
0.293425
0.586851
0.173702
0.347404
0.694807
0.389614
0.779228
0.558456
0.116912
0.233825
0.467649
0.935299
0.870598
0.741195
0.482391
0.964782
0.929564
0.859128
0.718256
0.436512
0.873023
0.746047
0.492094
0.984188
0.968376
0.936752
0.873503
0.747007
0.494014
0.988027
0.976055
0.95211
0.90422
0.80844
0.616879
0.233758
0.467516
0.935032
0.870064
0.740128
0.480256
0.960513
0.921026
0.842052
0.684103
0.368207
0.736414
0.472828
0.945656
0.891312
0.782623
0.565247
0.130494
0.260988
0.521976
0.0439513
0.0879027
0.175805
0.351611
0.703221
0.406443
0.812886
0.625772
0.251544
0.503087
0.00617418
0.0123484
0.0246967
0.0493934
0.0987868
0.197574
0.395147
0.790294
0.580589
0.161178
0.322355
0.644711
0.289422
0.578843
0.157686
0.315373
0.630745
0.261491
0.522981
0.0459622
0.0919244
0.183849
0.367698
0.735396
0.470791
0.941582
0.883164
0.766328
0.532656
0.0653128
0.130626
0.261251
0.522503
0.0450056
0.0900112
0.180022
0.360045
0.720089
0.440179
0.880358
0.760715
0.521431
0.0428613
0.0857226
0.171445
0.34289
0.685781
0.371562
0.743123
0.486247
0.972494
0.944987
0.889974
0.779949
0.559898
0.119795
0.239591
0.479181
0.958362
0.916724
0.833449
0.666897
0.333794
0.667589
0.335177
0.670354
0.340709
0.681417
0.362835
0.72567
0.45134
0.902679
0.805358
0.610716
0.221432
0.442865
0.88573
0.77146
0.542919
0.0858381
0.171676
0.343352
0.686705
0.37341
0.74682
0.49364
0.987279
0.974558
0.949116
0.898233
0.796465
0.592931
0.185861
0.371723
0.743446
0.486891
0.973782
0.947564
0.895129
0.790257
0.580514
0.161028
0.322056
0.644112
0.288224
0.576448
0.152897
0.305793
0.611587
0.223173
0.446346
0.892693
0.785386
0.570772
0.141544
0.283088
0.566176
0.132352
0.264704
0.529407
0.0588149
0.11763
0.23526
0.470519
0.941039
0.882077
0.764155
0.528309
0.0566186
0.113237
0.226474
0.452949
0.905897
0.811794
0.623588
0.247177
0.494354
0.988708
0.977415
0.95483
0.90966
0.81932
0.638641
0.277281
0.554563
0.109126
0.218252
0.436504
0.873007
0.746014
0.492029
0.984058
0.968116
0.936231
0.872462
0.744924
0.489849
0.979698
0.959395
0.91879
0.837581
0.675162
0.350324
0.700648
0.401295
0.802591
0.605181
0.210363
0.420726
0.841451
0.682903
0.365806
0.731611
0.463223
0.926445
0.85289
0.705781
0.411561
0.823122
0.646245
0.29249
0.58498
0.16996
0.33992
0.679839
0.359679
0.719357
0.438715
0.877429
0.754858
0.509717
0.0194336
0.0388672
0.0777344
0.155469
0.310938
0.621875
0.243751
0.487501
0.975002
0.950005
0.900009
0.800019
0.600037
0.200074
0.400148
0.800297
0.600594
0.201187
0.402374
0.804748
0.609496
0.218992
0.437984
0.875968
0.751936
0.503873
0.00774578
0.0154916
0.0309831
0.0619663
0.123933
0.247865
0.49573
0.99146
0.982921
0.965841
0.931682
0.863364
0.726729
0.453458
0.906916
0.813831
0.627662
0.255325
0.510649
0.0212981
0.0425961
0.0851922
0.170384
0.340769
0.681538
0.363076
0.726151
0.452303
0.904605
0.809211
0.618421
0.236843
0.473685
0.947371
0.894741
0.789483
0.578965
0.15793
0.315861
0.631721
0.263443
0.526886
0.0537715
0.107543
0.215086
0.430172
0.860343
0.720686
0.441373
0.882746
0.765492
0.530984
0.0619679
0.123936
0.247872
0.495743
0.991486
0.982973
0.965945
0.93189
0.863781
0.727562
0.455124
0.910248
0.820495
0.64099
0.28198
0.56396
0.12792
0.25584
0.51168
0.023361
0.046722
0.093444
0.186888
0.373776
0.747552
0.495104
0.990208
0.980415
0.96083
0.92166
0.843321
0.686641
0.373283
0.746566
0.493132
0.986264
0.972528
0.945056
0.890111
0.780222
0.560444
0.120889
0.241777
0.483554
0.967108
0.934217
0.868434
0.736868
0.473736
0.947472
0.894943
0.789886
0.579772
0.159544
0.319089
0.638177
0.276354
0.552708
0.105417
0.210833
0.421666
0.843332
0.686664
0.373329
0.746657
0.493314
0.986628
0.973257
0.946513
0.893027
0.786053
0.572106
0.144212
0.288424
0.576849
0.153697
0.307394
0.614788
0.229577
0.459154
0.918307
0.836615
0.673229
0.346458
0.692917
0.385833
0.771666
0.543332
0.0866646
0.173329
0.346658
0.693317
0.386634
0.773267
0.546534
0.0930682
0.186136
0.372273
0.744545
0.489091
0.978181
0.956363
0.912725
0.825451
0.650901
0.301802
0.603605
0.20721
0.41442
0.828839
0.657679
0.315358
0.630716
0.261432
0.522864
0.0457279
0.0914559
0.182912
0.365824
0.731647
0.463294
0.926588
0.853177
0.706353
0.412707
0.825413
0.650826
0.301653
0.603306
0.206611
0.413222
0.826445
0.652889
0.305779
0.611557
0.223115
0.446229
0.892459
0.784917
0.569835
0.13967
0.27934
0.558679
0.117358
0.234716
0.469433
0.938865
0.87773
0.75546
0.510921
0.0218414
0.0436829
0.0873658
0.174732
0.349463
0.698926
0.397853
0.795706
0.591411
0.182822
0.365645
0.731289
0.462578
0.925157
0.850313
0.700627
0.401253
0.802506
0.605012
0.210024
0.420049
0.840098
0.680196
0.360391
0.720782
0.441565
0.88313
0.76626
0.53252
0.0650395
0.130079
0.260158
0.520316
0.0406324
0.0812648
0.16253
0.325059
0.650119
0.300237
0.600475
0.200949
0.401899
0.803798
0.607596
0.215192
0.430383
0.860766
0.721532
0.443065
0.88613
0.77226
0.54452
0.0890399
0.17808
0.35616
0.712319
0.424638
0.849277
0.698554
0.397108
0.794215
0.588431
0.176861
0.353722
0.707445
0.41489
0.82978
0.65956
0.319119
0.638239
0.276478
0.552956
0.105911
0.211822
0.423644
0.847289
0.694578
0.389155
0.778311
0.556621
0.113242
0.226484
0.452968
0.905936
0.811872
0.623745
0.247489
0.494979
0.989957
0.979914
0.959828
0.919656
0.839312
0.678624
0.357248
0.714496
0.428992
0.857984
0.715968
0.431937
0.863874
0.727747
0.455495
0.910989
0.821979
0.643958
0.287915
0.57583
0.15166
0.30332
0.606641
0.213282
0.426563
0.853126
0.706252
0.412505
0.82501
0.650019
0.300039
0.600078
0.200156
0.400311
0.800622
0.601244
0.202489
0.404977
0.809954
0.619908
0.239817
0.479633
0.959267
0.918533
0.837067
0.674134
0.348267
0.696535
0.39307
0.786139
0.572279
0.144557
0.289114
0.578228
0.156456
0.312913
0.625825
0.251651
0.503302
0.00660368
0.0132074
0.0264147
0.0528295
0.105659
0.211318
0.422636
0.845271
0.690543
0.381086
0.762171
0.524343
0.0486857
0.0973714
0.194743
0.389486
0.778971
0.557942
0.115884
0.231768
0.463537
0.927073
0.854146
0.708293
0.416585
0.83317
0.666341
0.332681
0.665363
0.330726
0.661452
0.322904
0.645807
0.291615
0.583229
0.166459
0.332917
0.665835
0.33167
0.663339
0.326678
0.653356
0.306713
0.613425
0.22685
0.4537
0.9074
0.814801
0.629602
0.259203
0.518406
0.0368124
0.0736248
0.14725
0.294499
0.588998
0.177997
0.355994
0.711987
0.423975
0.847949
0.695899
0.391797
0.783595
0.56719
0.134379
0.268758
0.537516
0.0750321
0.150064
0.300128
0.600257
0.200513
0.401027
0.802054
0.604108
0.208215
0.416431
0.832861
0.665723
0.331445
0.66289
0.32578
0.65156
0.30312
0.606241
0.212481
0.424962
0.849924
0.699849
0.399698
0.799395
0.598791
0.197582
0.395163
0.790327
0.580654
0.161308
0.322616
0.645231
0.290463
0.580926
0.161851
0.323702
0.647405
0.29481
0.58962
0.17924
0.35848
0.716959
0.433918
0.867837
0.735674
0.471347
0.942695
0.88539
0.770779
0.541559
0.0831179
0.166236
0.332472
0.664943
0.329886
0.659773
0.319546
0.639091
0.278183
0.556366
0.112731
0.225462
0.450925
0.901849
0.803699
0.607397
0.214795
0.429589
0.859178
0.718357
0.436713
0.873427
0.746854
0.493708
0.987416
0.974831
0.949663
0.899326
0.798652
0.597304
0.194608
0.389215
0.778431
0.556862
0.113724
0.227447
0.454894
0.909789
0.819577
0.639155
0.27831
0.556619
0.113239
0.226478
0.452955
0.90591
0.81182
0.623641
0.247281
0.494562
0.989124
0.978248
0.956496
0.912992
0.825984
0.651968
0.303937
0.607874
0.215748
0.431496
0.862992
0.725984
0.451968
0.903935
0.80787
0.61574
0.23148
0.462961
0.925921
0.851843
0.703685
0.40737
0.814741
0.629481
0.258962
0.517925
0.0358493
0.0716985
0.143397
0.286794
0.573588
0.147176
0.294353
0.588706
0.177411
0.354822
0.709645
0.419289
0.838578
0.677157
0.354313
0.708626
0.417252
0.834504
0.669009
0.338018
0.676036
0.352071
0.704142
0.408285
0.816569
0.633138
0.266277
0.532554
0.0651079
0.130216
0.260431
0.520863
0.0417257
0.0834514
0.166903
0.333806
0.667611
0.335223
0.670445
0.340891
0.681782
0.363564
0.727127
0.454255
0.90851
0.81702
0.63404
0.26808
0.536159
0.0723184
0.144637
0.289274
0.578547
0.157094
0.314188
0.628376
0.256753
0.513506
0.0270118
0.0540236
0.108047
0.216095
0.432189
0.864378
0.728756
0.457512
0.915024
0.830048
0.660097
0.320193
0.640386
0.280773
0.561546
0.123091
0.246183
0.492366
0.984731
0.969463
0.938925
0.877851
0.755701
0.511402
0.0228046
0.0456092
0.0912184
0.182437
0.364873
0.729747
0.459494
0.918987
0.837975
0.675949
0.351899
0.703797
0.407595
0.81519
0.630379
0.260758
0.521517
0.0430338
0.0860675
0.172135
0.34427
0.68854
0.37708
0.75416
0.508321
0.0166418
0.0332836
0.0665672
0.133134
0.266269
0.532538
0.0650753
0.130151
0.260301
0.520603
0.0412051
0.0824102
0.16482
0.329641
0.659282
0.318563
0.637126
0.274252
0.548504
0.0970086
0.194017
0.388034
0.776069
0.552137
0.104274
0.208549
0.417098
0.834195
0.668391
0.336781
0.673563
0.347125
0.694251
0.388501
0.777002
0.554005
0.10801
0.21602
0.432039
0.864079
0.728157
0.456315
0.912629
0.825259
0.650517
0.301035
0.602069
0.204138
0.408276
0.816553
0.633106
0.266212
0.532424
0.0648475
0.129695
0.25939
0.51878
0.0375608
0.0751216
0.150243
0.300486
0.600973
0.201945
0.40389
0.807781
0.615561
0.231122
0.462245
0.92449
0.848979
0.697958
0.395917
0.791833
0.583667
0.167334
0.334668
0.669336
0.338672
0.677344
0.354687
0.709374
0.418749
0.837498
0.674996
0.349992
0.699984
0.399968
0.799936
0.599871
0.199742
0.399485
0.798969
0.597938
0.195877
0.391753
0.783507
0.567014
0.134028
0.268055
0.53611
0.0722208
0.144442
0.288883
0.577766
0.155532
0.311065
0.622129
0.244258
0.488516
0.977033
0.954065
0.908131
0.816262
0.632524
0.265047
0.530094
0.060188
0.120376
0.240752
0.481504
0.963009
0.926017
0.852035
0.704069
0.408138
0.816276
0.632553
0.265106
0.530211
0.0604223
0.120845
0.241689
0.483379
0.966757
0.933514
0.867028
0.734057
0.468113
0.936226
0.872452
0.744905
0.48981
0.97962
0.959239
0.918478
0.836956
0.673912
0.347825
0.69565
0.3913
0.782599
0.565198
0.130396
0.260793
0.521585
0.0431704
0.0863408
0.172682
0.345363
0.690727
0.381453
0.762907
0.525814
0.0516272
0.103254
0.206509
0.413017
0.826035
0.652069
0.304139
0.608277
0.216555
0.43311
0.86622
0.732439
0.464879
0.929758
0.859515
0.71903
0.438061
0.876121
0.752242
0.504485
0.00896923
0.0179385
0.0358769
0.0717538
0.143508
0.287015
0.574031
0.148061
0.296123
0.592246
0.184492
0.368983
0.737966
0.475932
0.951864
0.903728
0.807457
0.614914
0.229827
0.459655
0.919309
0.838619
0.677238
0.354476
0.708951
0.417903
0.835806
0.671612
0.343224
0.686448
0.372896
0.745792
0.491583
0.983166
0.966332
0.932665
0.86533
0.73066
0.461319
0.922638
0.845276
0.690553
0.381105
0.76221
0.524421
0.0488419
0.0976837
0.195367
0.390735
0.78147
0.56294
0.12588
0.25176
0.50352
0.0070397
0.0140794
0.0281588
0.0563176
0.112635
0.22527
0.450541
0.901081
0.802163
0.604326
0.208651
0.417303
0.834605
0.669211
0.338421
0.676843
0.353685
0.70737
0.41474
0.829481
0.658961
0.317922
0.635844
0.271688
0.543376
0.0867524
0.173505
0.34701
0.69402
0.388039
0.776078
0.552157
0.104313
0.208627
0.417254
0.834508
0.669015
0.338031
0.676062
0.352123
0.704246
0.408493
0.816986
0.633971
0.267943
0.535886
0.0717717
0.143543
0.287087
0.574174
0.148348
0.296696
0.593391
0.186782
0.373564
0.747129
0.494258
0.988516
0.977031
0.954062
0.908124
0.816249
0.632497
0.264995
0.52999
0.0599798
0.11996
0.239919
0.479838
0.959677
0.919353
0.838707
0.677414
0.354827
0.709654
0.419309
0.838617
0.677235
0.354469
0.708938
0.417877
0.835754
0.671508
0.343016
0.686031
0.372063
0.744126
0.488251
0.976502
0.953005
0.906009
0.812019
0.624037
0.248075
0.49615
0.9923
0.9846
0.969199
0.938398
0.876796
0.753593
0.507185
0.0143706
0.0287412
0.0574825
0.114965
0.22993
0.45986
0.919719
0.839439
0.678878
0.357756
0.715511
0.431023
0.862045
0.72409
0.44818
0.89636
0.79272
0.58544
0.170881
0.341761
0.683523
0.367045
0.734091
0.468181
0.936363
0.872726
0.745452
0.490903
0.981806
0.963612
0.927224
0.854449
0.708898
0.417796
0.835591
0.671182
0.342365
0.68473
0.36946
0.738919
0.477839
0.955678
0.911355
0.822711
0.645422
0.290844
0.581687
0.163374
0.326748
0.653496
0.306992
0.613985
0.227969
0.455939
0.911878
0.823755
0.647511
0.295021
0.590043
0.180086
0.360172
0.720343
0.440686
0.881373
0.762746
0.525491
0.0509829
0.101966
0.203932
0.407863
0.815726
0.631453
0.262906
0.525812
0.0516239
0.103248
0.206496
0.412991
0.825983
0.651965
0.30393
0.607861
0.215722
0.431444
0.862888
0.725776
0.451551
0.903102
0.806204
0.612408
0.224816
0.449633
0.899266
0.798532
0.597063
0.194126
0.388252
0.776505
0.553009
0.106018
0.212037
0.424074
0.848148
0.696296
0.392591
0.785183
0.570365
0.140731
0.281461
0.562922
0.125844
0.251688
0.503377
0.00675336
0.0135067
0.0270134
0.0540269
0.108054
0.216108
0.432215
0.86443
0.72886
0.45772
0.915441
0.830881
0.661763
0.323525
0.64705
0.294101
0.588201
0.176402
0.352805
0.70561
0.41122
0.822439
0.644878
0.289757
0.579513
0.159027
0.318054
0.636108
0.272215
0.54443
0.0888609
0.177722
0.355444
0.710888
0.421775
0.84355
0.6871
0.374201
0.748401
0.496802
0.993605
0.987209
0.974418
0.948837
0.897673
0.795346
0.590692
0.181384
0.362768
0.725536
0.451073
0.902145
0.804291
0.608582
0.217163
0.434327
0.868654
0.737307
0.474614
0.949229
0.898457
0.796914
0.593829
0.187658
0.375315
0.75063
0.50126
0.0025201
0.00504021
0.0100804
0.0201608
0.0403217
0.0806434
0.161287
0.322573
0.645147
0.290294
0.580587
0.161174
0.322349
0.644698
0.289396
0.578791
0.157582
0.315164
0.630329
0.260658
0.521315
0.0426303
0.0852606
0.170521
0.341042
0.682084
0.364169
0.728338
0.456676
0.913352
0.826703
0.653407
0.306813
0.613627
0.227254
0.454507
0.909014
0.818029
0.636057
0.272114
0.544229
0.0884575
0.176915
0.35383
0.70766
0.415319
0.830639
0.661278
0.322556
0.645111
0.290222
0.580444
0.160888
0.321776
0.643552
0.287105
0.57421
0.148419
0.296839
0.593677
0.187355
0.37471
0.74942
0.498839
0.997678
0.995357
0.990714
0.981427
0.962854
0.925708
0.851416
0.702833
0.405665
0.811331
0.622661
0.245322
0.490644
0.981289
0.962578
0.925155
0.85031
0.70062
0.40124
0.80248
0.60496
0.20992
0.419841
0.839681
0.679363
0.358725
0.717451
0.434901
0.869802
0.739604
0.479209
0.958417
0.916835
0.83367
0.66734
0.334679
0.669359
0.338717
0.677435
0.354869
0.709739
0.419478
0.838956
0.677911
0.355823
0.711646
0.423291
0.846583
0.693165
0.386331
0.772662
0.545324
0.0906473
0.181295
0.362589
0.725178
0.450357
0.900714
0.801427
0.602855
0.20571
0.41142
0.822839
0.645679
0.291358
0.582715
0.16543
0.330861
0.661722
0.323444
0.646888
0.293775
0.58755
0.175101
0.350202
0.700404
0.400807
0.801615
0.603229
0.206458
0.412916
0.825833
0.651666
0.303332
0.606664
0.213327
0.426654
0.853308
0.706617
0.413234
0.826467
0.652935
0.30587
0.61174
0.223479
0.446958
0.893916
0.787833
0.575666
0.151332
0.302663
0.605326
0.210652
0.421305
0.84261
0.68522
0.370439
0.740878
0.481756
0.963513
0.927026
0.854052
0.708104
0.416208
0.832415
0.664831
0.329662
0.659324
0.318648
0.637295
0.274591
0.549181
0.0983622
0.196724
0.393449
0.786897
0.573795
0.14759
0.295179
0.590359
0.180717
0.361434
0.722868
0.445736
0.891473
0.782946
0.565891
0.131782
0.263565
0.52713
0.0542595
0.108519
0.217038
0.434076
0.868152
0.736305
0.47261
0.94522
0.89044
0.780879
0.561759
0.123518
0.247035
0.494071
0.988141
0.976283
0.952565
0.905131
0.810262
0.620523
0.241047
0.482093
0.964187
0.928373
0.856746
0.713492
0.426984
0.853969
0.707938
0.415876
0.831752
0.663503
0.327007
0.654014
0.308027
0.616054
0.232108
0.464217
0.928433
0.856867
0.713733
0.427466
0.854932
0.709864
0.419728
0.839457
0.678914
0.357827
0.715654
0.431309
0.862618
0.725235
0.450471
0.900942
0.801883
0.603766
0.207532
0.415064
0.830128
0.660256
0.320512
0.641024
0.282048
0.564097
0.128193
0.256387
0.512774
0.0255476
0.0510952
0.10219
0.204381
0.408761
0.817523
0.635045
0.27009
0.540181
0.0803619
0.160724
0.321448
0.642895
0.28579
0.571581
0.143161
0.286322
0.572645
0.145289
0.290578
0.581157
0.162313
0.324627
0.649253
0.298506
0.597013
0.194025
0.388051
0.776101
0.552202
0.104405
0.208809
0.417618
0.835237
0.670473
0.340946
0.681893
0.363785
0.72757
0.45514
0.91028
0.82056
0.64112
0.28224
0.564481
0.128961
0.257923
0.515845
0.0316908
0.0633817
0.126763
0.253527
0.507054
0.0141071
0.0282141
0.0564282
0.112856
0.225713
0.451426
0.902852
0.805703
0.611406
0.222812
0.445624
0.891248
0.782497
0.564993
0.129986
0.259973
0.519945
0.0398905
0.0797811
0.159562
0.319124
0.638249
0.276497
0.552995
0.105989
0.211978
0.423957
0.847914
0.695827
0.391654
0.783308
0.566617
0.133234
0.266467
0.532935
0.0658693
0.131739
0.263477
0.526954
0.0539081
0.107816
0.215632
0.431265
0.86253
0.72506
0.450119
0.900239
0.800477
0.600955
0.201909
0.403819
0.807637
0.615275
0.23055
0.461099
0.922199
0.844398
0.688796
0.377591
0.755182
0.510364
0.0207286
0.0414573
0.0829145
0.165829
0.331658
0.663316
0.326633
0.653265
0.30653
0.613061
0.226121
0.452242
0.904485
0.80897
0.61794
0.23588
0.471759
0.943518
0.887036
0.774072
0.548145
0.0962895
0.192579
0.385158
0.770316
0.540632
0.0812632
0.162526
0.325053
0.650106
0.300211
0.600423
0.200845
0.401691
0.803381
0.606763
0.213526
0.427051
0.854102
0.708205
0.416409
0.832819
0.665638
0.331276
0.662552
0.325103
0.650207
0.300413
0.600826
0.201652
0.403305
0.806609
0.613218
0.226437
0.452874
0.905747
0.811495
0.62299
0.245979
0.491959
0.983918
0.967836
0.935671
0.871343
0.742686
0.485372
0.970743
0.941486
0.882972
0.765944
0.531889
0.063777
0.127554
0.255108
0.510216
0.0204325
0.0408651
0.0817301
0.16346
0.326921
0.653841
0.307682
0.615364
0.230729
0.461457
0.922915
0.845829
0.691659
0.383318
0.766636
0.533271
0.0665428
0.133086
0.266171
0.532342
0.0646849
0.12937
0.258739
0.517479
0.0349577
0.0699154
0.139831
0.279662
0.559323
0.118647
0.237293
0.474587
0.949173
0.898347
0.796693
0.593386
0.186772
0.373545
0.74709
0.49418
0.988359
0.976719
0.953437
0.906875
0.81375
0.6275
0.254999
0.509998
0.0199965
0.039993
0.0799861
0.159972
0.319944
0.639889
0.279777
0.559554
0.119109
0.238217
0.476435
0.95287
0.905739
0.811479
0.622957
0.245914
0.491829
0.983658
0.967315
0.93463
0.86926
0.738521
0.477042
0.954083
0.908167
0.816333
0.632667
0.265333
0.530667
0.0613334
0.122667
0.245334
0.490667
0.981334
0.962669
0.925337
0.850674
0.701349
0.402698
0.805396
0.610791
0.221582
0.443164
0.886328
0.772657
0.545314
0.0906278
0.181256
0.362511
0.725022
0.450044
0.900089
0.800178
0.600356
0.200712
0.401424
0.802848
0.605696
0.211391
0.422782
0.845564
0.691129
0.382257
0.764514
0.529028
0.0580568
0.116114
0.232227
0.464454
0.928908
0.857817
0.715633
0.431267
0.862533
0.725066
0.450132
0.900265
0.800529
0.601059
0.202118
0.404235
0.80847
0.616941
0.233882
0.467763
0.935527
0.871053
0.742107
0.484213
0.968426
0.936853
0.873705
0.74741
0.494821
0.989641
0.979283
0.958566
0.917131
0.834262
0.668524
0.337048
0.674096
0.348193
0.696385
0.39277
0.785541
0.571081
0.142162
0.284324
0.568649
0.137298
0.274595
0.549191
0.0983817
0.196763
0.393527
0.787054
0.574107
0.148214
0.296429
0.592857
0.185715
0.37143
0.74286
0.48572
0.971439
0.942879
0.885757
0.771515
0.54303
0.0860594
0.172119
0.344238
0.688475
0.37695
0.7539
0.5078
0.0156006
0.0312011
0.0624023
0.124805
0.249609
0.499218
0.998437
0.996873
0.993746
0.987492
0.974984
0.949969
0.899938
0.799875
0.599751
0.199502
0.399003
0.798006
0.596012
0.192024
0.384048
0.768097
0.536193
0.0723867
0.144773
0.289547
0.579094
0.158187
0.316375
0.63275
0.265499
0.530999
0.0619972
0.123994
0.247989
0.495977
0.991955
0.98391
0.967819
0.935639
0.871278
0.742556
0.485111
0.970222
0.940445
0.88089
0.761779
0.523559
0.0471173
0.0942347
0.188469
0.376939
0.753877
0.507755
0.0155095
0.0310189
0.0620379
0.124076
0.248151
0.496303
0.992606
0.985211
0.970423
0.940845
0.88169
0.76338
0.52676
0.0535209
0.107042
0.214084
0.428167
0.856335
0.712669
0.425338
0.850676
0.701352
0.402704
0.805409
0.610817
0.221634
0.443268
0.886537
0.773073
0.546147
0.0922938
0.184588
0.369175
0.73835
0.4767
0.9534
0.9068
0.8136
0.6272
0.2544
0.508801
0.0176017
0.0352034
0.0704067
0.140813
0.281627
0.563254
0.126508
0.253016
0.506032
0.0120636
0.0241273
0.0482546
0.0965091
0.193018
0.386036
0.772073
0.544146
0.0882915
0.176583
0.353166
0.706332
0.412664
0.825329
0.650657
0.301314
0.602629
0.205258
0.410515
0.82103
0.642061
0.284121
0.568242
0.136484
0.272969
0.545937
0.091874
0.183748
0.367496
0.734992
0.469984
0.939968
0.879936
0.759873
0.519745
0.0394903
0.0789806
0.157961
0.315923
0.631845
0.26369
0.52738
0.0547606
0.109521
0.219042
0.438085
0.87617
0.75234
0.50468
0.00935969
0.0187194
0.0374388
0.0748775
0.149755
0.29951
0.59902
0.198041
0.396081
0.792162
0.584324
0.168649
0.337297
0.674594
0.349188
0.698376
0.396753
0.793506
0.587012
0.174024
0.348048
0.696096
0.392191
0.784382
0.568764
0.137529
0.275057
0.550115
0.10023
0.20046
0.40092
0.801839
0.603678
0.207356
0.414713
0.829425
0.65885
0.317701
0.635402
0.270803
0.541606
0.0832123
0.166425
0.332849
0.665698
0.331396
0.662792
0.325585
0.65117
0.302339
0.604679
0.209357
0.418715
0.83743
0.674859
0.349719
0.699437
0.398874
0.797749
0.595498
0.190996
0.381992
0.763984
0.527968
0.0559353
0.111871
0.223741
0.447482
0.894964
0.789928
0.579857
0.159713
0.319427
0.638854
0.277708
0.555415
0.110831
0.221662
0.443324
0.886647
0.773295
0.546589
0.0931788
0.186358
0.372715
0.74543
0.490861
0.981722
0.963443
0.926886
0.853772
0.707544
0.415088
0.830177
0.660354
0.320707
0.641415
0.282829
0.565659
0.131317
0.262634
0.525269
0.0505371
0.101074
0.202149
0.404297
0.808594
0.617188
0.234376
0.468752
0.937505
0.87501
0.75002
0.50004
7.97193e-05
0.000159439
0.000318877
0.000637754
0.00127551
0.00255102
0.00510203
0.0102041
0.0204081
0.0408163
0.0816325
0.163265
0.32653
0.65306
0.30612
0.612241
0.224481
0.448963
0.897925
0.79585
0.591701
0.183401
0.366803
0.733606
0.467212
0.934424
0.868847
0.737694
0.475389
0.950777
0.901555
0.80311
0.606219
0.212439
0.424878
0.849755
0.69951
0.399021
0.798042
0.596084
0.192167
0.384335
0.768669
0.537339
0.0746774
0.149355
0.29871
0.597419
0.194839
0.389677
0.779355
0.55871
0.11742
0.23484
0.46968
0.93936
0.878719
0.757439
0.514877
0.0297548
0.0595096
0.119019
0.238038
0.476077
0.952154
0.904308
0.808615
0.61723
0.234461
0.468922
0.937843
0.875687
0.751374
0.502747
0.00549412
0.0109882
0.0219765
0.043953
0.0879059
0.175812
0.351624
0.703248
0.406495
0.81299
0.62598
0.25196
0.50392
0.00784014
0.0156803
0.0313606
0.0627212
0.125442
0.250885
0.501769
0.00353856
0.00707712
0.0141542
0.0283085
0.0566169
0.113234
0.226468
0.452936
0.905871
0.811742
0.623484
0.246969
0.493937
0.987875
0.975749
0.951498
0.902996
0.805993
0.611985
0.22397
0.447941
0.895882
0.791764
0.583527
0.167054
0.334108
0.668217
0.336433
0.672866
0.345733
0.691465
0.382931
0.765861
0.531723
0.0634451
0.12689
0.253781
0.507561
0.0151223
0.0302445
0.060489
0.120978
0.241956
0.483912
0.967824
0.935649
0.871297
0.742595
0.485189
0.970379
0.940757
0.881514
0.763029
0.526058
0.0521152
0.10423
0.208461
0.416922
0.833844
0.667688
0.335376
0.670751
0.341503
0.683005
0.366011
0.732021
0.464043
0.928085
0.85617
0.71234
0.424681
0.849362
0.698723
0.397446
0.794892
0.589784
0.179568
0.359137
0.718274
0.436548
0.873095
0.74619
0.49238
0.984761
0.969521
0.939042
0.878085
0.75617
0.512339
0.0246788
0.0493576
0.0987152
0.19743
0.394861
0.789722
0.579443
0.158887
0.317774
0.635548
0.271096
0.542192
0.0843836
0.168767
0.337535
0.675069
0.350138
0.700277
0.400553
0.801107
0.602214
0.204428
0.408856
0.817711
0.635423
0.270845
0.541691
0.0833815
0.166763
0.333526
0.667052
0.334103
0.668207
0.336414
0.672827
0.345655
0.691309
0.382618
0.765237
0.530473
0.0609462
0.121892
0.243785
0.487569
0.975139
0.950278
0.900556
0.801112
0.602224
0.204447
0.408895
0.817789
0.635579
0.271158
0.542315
0.0846309
0.169262
0.338524
0.677048
0.354095
0.70819
0.41638
0.83276
0.665521
0.331042
0.662083
0.324166
0.648332
0.296665
0.593329
0.186659
0.373317
0.746634
0.493269
0.986537
0.973074
0.946149
0.892298
0.784595
0.569191
0.138381
0.276762
0.553525
0.10705
0.2141
0.4282
0.8564
0.712799
0.425598
0.851197
0.702393
0.404787
0.809573
0.619147
0.238294
0.476588
0.953176
0.906351
0.812702
0.625404
0.250808
0.501616
0.0032327
0.00646539
0.0129308
0.0258616
0.0517232
0.103446
0.206893
0.413785
0.82757
0.655141
0.310282
0.620564
0.241128
0.482256
0.964512
0.929024
0.858048
0.716095
0.432191
0.864381
0.728763
0.457525
0.91505
0.8301
0.660201
0.320401
0.640803
0.281606
0.563212
0.126423
0.252847
0.505693
0.0113868
0.0227737
0.0455474
0.0910947
0.182189
0.364379
0.728758
0.457515
0.915031
0.830061
0.660123
0.320245
0.640491
0.280981
0.561962
0.123924
0.247849
0.495698
0.991395
0.98279
0.965581
0.931162
0.862323
0.724646
0.449293
0.898586
0.797171
0.594343
0.188686
0.377371
0.754743
0.509486
0.0189716
0.0379431
0.0758862
0.151772
0.303545
0.60709
0.21418
0.428359
0.856718
0.713437
0.426874
0.853748
0.707495
0.414991
0.829982
0.659963
0.319926
0.639853
0.279706
0.559411
0.118822
0.237645
0.475289
0.950579
0.901158
0.802316
0.604632
0.209263
0.418526
0.837052
0.674104
0.348209
0.696418
0.392835
0.785671
0.571341
0.142683
0.285366
0.570731
0.141463
0.282925
0.565851
0.131701
0.263402
0.526804
0.0536088
0.107218
0.214435
0.42887
0.85774
0.71548
0.430961
